# TIME: 180.778577856 s
# Channel Counts
1014.7283272381085 3664
1044.1709879590067 2460
1073.6136486799046 1694
1103.056309400803 1114
1132.498970121701 762
1161.9416308425994 555
1191.3842915634973 408
1220.8269522843952 359
1250.2696130052936 311
1279.7122737261916 275
1309.15493444709 264
1338.597595167988 266
1368.040255888886 259
1397.4829166097843 248
1426.9255773306822 225
1456.3682380515806 277
1485.8108987724786 257
1515.2535594933768 295
1544.696220214275 261
1574.138880935173 300
1603.5815416560713 306
1633.0242023769692 292
1662.4668630978674 288
1691.9095238187656 314
1721.3521845396635 319
1750.794845260562 324
1780.23750598146 327
1809.6801667023583 316
1839.1228274232562 325
1868.5654881441544 318
1898.0081488650526 352
1927.4508095859505 321
1956.893470306849 291
1986.336131027747 351
2015.778791748645 364
2045.2214524695432 352
2074.6641131904416 316
2104.1067739113396 330
2133.5494346322375 346
2162.9920953531355 349
2192.434756074034 339
2221.8774167949323 342
2251.3200775158302 381
2280.762738236728 361
2310.205398957626 340
2339.6480596785245 314
2369.090720399423 329
2398.533381120321 328
2427.976041841219 319
2457.4187025621172 332
2486.861363283015 316
2516.3040240039136 321
2545.7466847248115 297
2575.1893454457095 298
2604.632006166608 310
2634.074666887506 293
2663.5173276084042 304
2692.959988329302 336
2722.4026490502 309
2751.8453097710985 301
2781.287970491997 300
2810.730631212895 319
2840.173291933793 254
2869.615952654691 286
2899.058613375589 274
2928.5012740964876 290
2957.9439348173855 263
2987.3865955382835 270
3016.8292562591814 259
3046.27191698008 273
3075.7145777009778 273
3105.157238421876 261
3134.599899142774 244
3164.042559863672 261
3193.4852205845705 256
3222.9278813054684 273
3252.370542026367 264
3281.8132027472648 263
3311.2558634681627 255
3340.698524189061 259
3370.1411849099595 230
3399.5838456308575 246
3429.0265063517554 236
3458.4691670726534 252
3487.9118277935518 242
3517.35448851445 238
3546.797149235348 223
3576.239809956246 243
3605.682470677144 241
3635.1251313980424 241
3664.567792118941 248
3694.0104528398388 270
3723.4531135607367 246
3752.895774281635 237
3782.338435002533 271
3811.7810957234315 236
3841.2237564443294 222
3870.6664171652274 204
3900.1090778861258 209
3929.5517386070237 227
3958.994399327922 208
3988.43706004882 201
4017.879720769718 213
4047.3223814906164 225
4076.7650422115144 210
4106.207702932413 223
4135.650363653311 214
4165.09302437421 181
4194.535685095107 181
4223.9783458160055 216
4253.421006536904 219
4282.863667257801 223
4312.3063279787 214
4341.748988699597 214
4371.191649420496 215
4400.634310141395 205
4430.076970862292 203
4459.519631583191 205
4488.962292304088 196
4518.404953024987 199
4547.847613745886 185
4577.290274466783 217
4606.7329351876815 221
4636.1755959085785 186
4665.618256629477 198
4695.060917350376 182
4724.503578071273 194
4753.946238792172 201
4783.388899513069 169
4812.831560233968 201
4842.274220954867 201
4871.716881675764 174
4901.159542396663 179
4930.60220311756 207
4960.044863838459 198
4989.487524559358 188
5018.930185280255 193
5048.372846001153 178
5077.815506722051 169
5107.258167442949 191
5136.700828163848 179
5166.143488884745 172
5195.586149605644 167
5225.028810326543 191
5254.47147104744 179
5283.914131768339 198
5313.356792489236 181
5342.799453210135 174
5372.242113931034 162
5401.684774651931 176
5431.1274353728295 171
5460.5700960937265 191
5490.012756814625 167
5519.455417535524 155
5548.898078256421 174
5578.34073897732 178
5607.783399698218 179
5637.226060419116 155
5666.668721140015 169
5696.111381860912 152
5725.554042581811 165
5754.996703302709 164
5784.439364023607 170
5813.8820247445055 165
5843.324685465403 158
5872.767346186301 162
5902.210006907199 144
5931.652667628097 157
5961.095328348996 156
5990.537989069893 149
6019.980649790792 151
6049.42331051169 142
6078.865971232588 159
6108.308631953487 147
6137.751292674384 139
6167.193953395283 139
6196.636614116181 173
6226.079274837079 149
6255.5219355579775 147
6284.9645962788745 155
6314.407256999773 131
6343.849917720671 147
6373.292578441569 125
6402.735239162468 136
6432.177899883365 151
6461.620560604264 124
6491.063221325163 137
6520.50588204606 120
6549.948542766959 111
6579.391203487856 126
6608.833864208755 117
6638.2765249296535 127
6667.719185650551 118
6697.161846371449 120
6726.6045070923465 112
6756.047167813245 134
6785.489828534144 138
6814.932489255041 105
6844.37514997594 130
6873.817810696837 107
6903.260471417736 134
6932.703132138635 121
6962.145792859532 109
6991.588453580431 126
7021.031114301328 136
7050.473775022227 112
7079.9164357431255 108
7109.3590964640225 104
7138.801757184921 121
7168.244417905818 115
7197.687078626717 112
7227.129739347616 108
7256.572400068513 96
7286.015060789412 129
7315.45772151031 100
7344.900382231208 103
7374.343042952107 108
7403.785703673004 112
7433.228364393903 100
7462.671025114801 93
7492.113685835699 92
7521.556346556597 119
7550.9990072774945 96
7580.441667998393 90
7609.884328719291 93
7639.326989440189 107
7668.769650161088 96
7698.212310881985 108
7727.654971602884 86
7757.097632323782 105
7786.54029304468 105
7815.982953765579 96
7845.425614486476 112
7874.868275207375 108
7904.310935928273 105
7933.7535966491705 99
7963.196257370069 104
7992.638918090966 91
8022.081578811865 92
8051.524239532763 88
8080.966900253661 84
8110.40956097456 95
8139.852221695457 88
8169.294882416356 87
8198.737543137253 94
8228.180203858152 75
8257.62286457905 84
8287.065525299948 91
8316.508186020847 81
8345.950846741744 94
8375.393507462642 79
8404.836168183541 99
8434.278828904438 87
8463.721489625337 87
8493.164150346234 96
8522.606811067133 79
8552.049471788032 73
8581.492132508929 73
8610.934793229828 78
8640.377453950725 85
8669.820114671624 85
8699.262775392523 74
8728.70543611342 81
8758.148096834318 69
8787.590757555216 72
8817.033418276114 71
8846.476078997013 78
8875.91873971791 77
8905.36140043881 84
8934.804061159706 86
8964.246721880605 69
8993.689382601504 86
9023.132043322401 78
9052.5747040433 70
9082.017364764197 59
9111.460025485096 90
9140.902686205995 65
9170.345346926892 70
9199.788007647789 64
9229.230668368687 50
9258.673329089586 56
9288.115989810485 58
9317.558650531382 53
9347.00131125228 62
9376.443971973178 54
9405.886632694077 66
9435.329293414976 62
9464.771954135873 71
9494.21461485677 85
9523.657275577669 64
9553.099936298568 78
9582.542597019466 64
9611.985257740364 74
9641.42791846126 67
9670.87057918216 48
9700.313239903058 57
9729.755900623957 58
9759.198561344854 49
9788.641222065751 61
9818.08388278665 49
9847.526543507549 57
9876.969204228448 62
9906.411864949345 48
9935.854525670242 49
9965.29718639114 60
9994.73984711204 45
10024.182507832938 56
10053.625168553835 51
10083.067829274733 72
10112.510489995631 50
10141.95315071653 60
10171.395811437429 60
10200.838472158326 63
10230.281132879225 54
10259.723793600122 39
10289.16645432102 47
10318.60911504192 44
10348.051775762817 56
10377.494436483716 62
10406.937097204613 59
10436.379757925512 57
10465.82241864641 54
10495.265079367307 63
10524.707740088206 51
10554.150400809103 63
10583.593061530002 56
10613.035722250901 54
10642.478382971798 59
10671.921043692697 49
10701.363704413594 65
10730.806365134493 28
10760.249025855392 53
10789.691686576289 42
10819.134347297188 54
10848.577008018085 61
10878.019668738983 60
10907.462329459882 43
10936.90499018078 49
10966.347650901678 56
10995.790311622575 53
11025.232972343474 41
11054.675633064373 42
11084.11829378527 41
11113.560954506169 52
11143.003615227066 47
11172.446275947965 36
11201.888936668864 37
11231.33159738976 58
11260.77425811066 38
11290.216918831557 33
11319.659579552455 47
11349.102240273354 52
11378.544900994251 58
11407.98756171515 51
11437.430222436047 33
11466.872883156946 45
11496.315543877845 54
11525.758204598742 37
11555.20086531964 42
11584.643526040538 46
11614.086186761437 50
11643.528847482336 62
11672.971508203233 44
11702.414168924131 36
11731.856829645028 51
11761.299490365927 37
11790.742151086826 38
11820.184811807723 51
11849.627472528622 45
11879.07013324952 46
11908.512793970418 35
11937.955454691317 50
11967.398115412216 40
11996.840776133113 50
12026.28343685401 53
12055.726097574909 40
12085.168758295807 58
12114.611419016706 50
12144.054079737603 54
12173.4967404585 45
12202.9394011794 53
12232.382061900298 49
12261.824722621197 61
12291.267383342094 46
12320.710044062991 49
12350.15270478389 36
12379.595365504789 53
12409.038026225688 33
12438.480686946585 42
12467.923347667482 44
12497.36600838838 29
12526.80866910928 38
12556.251329830178 40
12585.693990551075 44
12615.136651271972 51
12644.579311992871 37
12674.02197271377 32
12703.464633434669 50
12732.907294155566 31
12762.349954876463 35
12791.792615597362 41
12821.23527631826 47
12850.67793703916 44
12880.120597760057 43
12909.563258480954 37
12939.005919201853 40
12968.448579922751 41
12997.89124064365 28
13027.333901364547 49
13056.776562085444 37
13086.219222806343 45
13115.661883527242 39
13145.10454424814 33
13174.547204969038 34
13203.989865689935 37
13233.432526410834 32
13262.875187131733 53
13292.317847852632 33
13321.760508573529 44
13351.203169294426 55
13380.645830015324 34
13410.088490736223 49
13439.531151457122 47
13468.97381217802 41
13498.416472898916 39
13527.859133619815 34
13557.301794340714 46
13586.744455061613 56
13616.18711578251 43
13645.629776503409 40
13675.072437224306 35
13704.515097945205 35
13733.957758666103 35
13763.400419387 49
13792.8430801079 41
13822.285740828796 51
13851.728401549695 50
13881.171062270594 40
13910.613722991491 36
13940.05638371239 44
13969.499044433287 37
13998.941705154186 39
14028.384365875085 36
14057.827026595982 49
14087.26968731688 41
14116.712348037778 33
14146.155008758677 48
14175.597669479575 40
14205.040330200472 44
14234.482990921371 46
14263.925651642268 46
14293.368312363167 40
14322.810973084066 31
14352.253633804963 49
14381.696294525862 34
14411.138955246759 56
14440.581615967658 41
14470.024276688557 37
14499.466937409454 38
14528.909598130353 37
14558.35225885125 34
14587.794919572149 42
14617.237580293047 39
14646.680241013944 46
14676.122901734843 41
14705.56556245574 39
14735.00822317664 27
14764.450883897538 51
14793.893544618435 40
14823.336205339334 42
14852.778866060231 34
14882.22152678113 38
14911.664187502029 40
14941.106848222926 26
14970.549508943825 54
14999.992169664722 40
15029.43483038562 41
15058.87749110652 45
15088.320151827416 38
15117.762812548315 39
15147.205473269212 41
15176.648133990111 36
15206.09079471101 31
15235.533455431907 35
15264.976116152806 42
15294.418776873703 45
15323.861437594602 32
15353.3040983155 41
15382.7467590364 22
15412.189419757296 33
15441.632080478194 34
15471.074741199092 40
15500.517401919991 22
15529.96006264089 41
15559.402723361787 32
15588.845384082684 37
15618.288044803583 35
15647.730705524482 36
15677.17336624538 34
15706.616026966278 35
15736.058687687175 35
15765.501348408074 28
15794.944009128973 27
15824.386669849871 41
15853.829330570768 39
15883.271991291665 34
15912.714652012564 29
15942.157312733463 36
15971.599973454362 33
16001.042634175259 28
16030.485294896156 23
16059.927955617055 33
16089.370616337954 39
16118.813277058853 48
16148.25593777975 25
16177.698598500647 33
16207.141259221546 30
16236.583919942444 24
16266.026580663343 22
16295.46924138424 37
16324.911902105137 24
16354.354562826036 27
16383.797223546935 20
16413.239884267834 29
16442.682544988733 35
16472.125205709628 23
16501.56786643053 22
16531.010527151426 38
16560.453187872325 25
16589.895848593223 22
16619.33850931412 20
16648.78117003502 28
16678.223830755916 21
16707.666491476815 25
16737.109152197714 22
16766.55181291861 20
16795.994473639512 27
16825.437134360407 27
16854.879795081306 21
16884.322455802205 24
16913.7651165231 23
16943.207777244003 18
16972.650437964898 20
17002.093098685797 25
17031.535759406695 22
17060.97842012759 19
17090.421080848493 23
17119.86374156939 20
17149.306402290287 26
17178.749063011186 28
17208.19172373208 26
17237.634384452984 22
17267.07704517388 20
17296.519705894778 20
17325.962366615677 21
17355.405027336572 22
17384.847688057474 23
17414.29034877837 17
17443.733009499265 19
17473.175670220167 13
17502.618330941063 28
17532.060991661965 20
17561.50365238286 23
17590.946313103756 16
17620.388973824658 25
17649.831634545553 21
17679.274295266456 26
17708.71695598735 23
17738.159616708246 20
17767.60227742915 21
17797.044938150044 17
17826.487598870946 18
17855.93025959184 18
17885.372920312737 17
17914.81558103364 20
17944.258241754535 21
17973.700902475437 23
18003.143563196332 27
18032.586223917227 22
18062.02888463813 27
18091.471545359025 21
18120.914206079928 27
18150.356866800823 13
18179.799527521718 29
18209.24218824262 30
18238.684848963516 24
18268.12750968442 23
18297.570170405314 34
18327.01283112621 13
18356.45549184711 13
18385.898152568006 28
18415.34081328891 21
18444.783474009804 20
18474.2261347307 21
18503.668795451602 17
18533.111456172497 20
18562.5541168934 18
18591.996777614295 11
18621.43943833519 17
18650.882099056093 21
18680.324759776988 26
18709.76742049789 19
18739.210081218785 15
18768.65274193968 20
18798.095402660583 15
18827.53806338148 21
18856.98072410238 26
18886.423384823276 20
18915.86604554417 14
18945.308706265074 22
18974.75136698597 14
19004.19402770687 27
19033.636688427767 18
19063.079349148662 14
19092.522009869564 23
19121.96467059046 18
19151.407331311362 23
19180.849992032257 12
19210.292652753153 22
19239.735313474055 20
19269.17797419495 17
19298.620634915853 11
19328.063295636748 25
19357.505956357643 20
19386.948617078546 12
19416.39127779944 15
19445.833938520344 17
19475.27659924124 22
19504.719259962138 27
19534.161920683036 19
19563.60458140393 15
19593.047242124834 26
19622.48990284573 18
19651.93256356663 18
19681.375224287527 11
19710.817885008422 16
19740.260545729325 18
19769.70320645022 17
19799.14586717112 19
19828.588527892018 19
19858.031188612913 23
19887.473849333815 19
19916.91651005471 20
19946.35917077561 19
19975.80183149651 11
20005.244492217404 14
20034.687152938306 19
20064.1298136592 17
20093.5724743801 19
20123.015135101 19
20152.457795821894 12
20181.900456542797 20
20211.343117263692 20
20240.78577798459 20
20270.22843870549 21
20299.671099426385 18
20329.113760147287 10
20358.556420868183 20
20387.99908158908 15
20417.44174230998 21
20446.884403030876 13
20476.327063751778 15
20505.769724472673 17
20535.212385193572 16
20564.65504591447 23
20594.097706635366 20
20623.54036735627 13
20652.983028077164 21
20682.425688798063 16
20711.86834951896 28
20741.311010239857 19
20770.75367096076 15
20800.196331681655 14
20829.638992402553 27
20859.081653123452 19
20888.524313844347 13
20917.96697456525 17
20947.409635286145 13
20976.852296007044 15
21006.294956727943 6
21035.737617448838 18
21065.18027816974 12
21094.622938890636 14
21124.065599611535 19
21153.508260332434 23
21182.95092105333 17
21212.39358177423 20
21241.836242495126 21
21271.278903216025 21
21300.721563936924 18
21330.16422465782 17
21359.606885378722 22
21389.049546099617 13
21418.492206820516 19
21447.934867541415 21
21477.37752826231 18
21506.820188983213 18
21536.262849704108 22
21565.705510425007 16
21595.148171145906 18
21624.5908318668 16
21654.033492587703 15
21683.4761533086 15
21712.918814029497 17
21742.361474750396 16
21771.80413547129 18
21801.246796192194 22
21830.68945691309 15
21860.132117633988 14
21889.574778354887 18
21919.017439075782 17
21948.460099796685 13
21977.90276051758 24
22007.34542123848 19
22036.788081959377 19
22066.230742680273 25
22095.673403401175 14
22125.11606412207 19
22154.55872484297 17
22184.001385563868 13
22213.444046284763 12
22242.886707005666 18
22272.32936772656 15
22301.77202844746 20
22331.21468916836 20
22360.657349889254 25
22390.100010610156 16
22419.54267133105 13
22448.98533205195 12
22478.42799277285 10
22507.870653493745 12
22537.313314214647 18
22566.755974935542 17
22596.19863565644 18
22625.64129637734 21
22655.083957098235 14
22684.526617819138 20
22713.969278540033 15
22743.411939260932 15
22772.85459998183 21
22802.297260702726 21
22831.73992142363 18
22861.182582144524 18
22890.625242865426 24
22920.06790358632 21
22949.510564307217 19
22978.95322502812 16
23008.395885749014 21
23037.838546469917 19
23067.281207190812 15
23096.723867911707 12
23126.16652863261 22
23155.609189353505 20
23185.051850074407 19
23214.494510795303 13
23243.937171516198 16
23273.3798322371 19
23302.822492957996 9
23332.265153678898 16
23361.707814399793 10
23391.15047512069 26
23420.59313584159 14
23450.035796562486 10
23479.47845728339 16
23508.921118004284 15
23538.36377872518 22
23567.80643944608 11
23597.249100166977 18
23626.69176088788 24
23656.134421608775 14
23685.57708232967 21
23715.019743050572 8
23744.462403771468 16
23773.90506449237 12
23803.347725213265 16
23832.79038593416 17
23862.233046655063 14
23891.675707375958 13
23921.11836809686 15
23950.561028817756 12
23980.00368953865 14
24009.446350259554 21
24038.88901098045 18
24068.33167170135 11
24097.774332422247 16
24127.21699314314 14
24156.659653864044 16
24186.10231458494 17
24215.544975305842 15
24244.987636026737 12
24274.430296747632 11
24303.872957468535 16
24333.31561818943 24
24362.758278910333 14
24392.200939631228 12
24421.643600352123 15
24451.086261073026 17
24480.52892179392 11
24509.971582514823 9
24539.41424323572 12
24568.856903956614 10
24598.299564677516 14
24627.74222539841 9
24657.184886119314 10
24686.62754684021 9
24716.070207561104 10
24745.512868282007 13
24774.955529002902 14
24804.398189723805 14
24833.8408504447 16
24863.283511165595 20
24892.726171886497 19
24922.168832607393 9
24951.611493328295 12
24981.05415404919 5
25010.496814770086 13
25039.939475490988 15
25069.382136211883 15
25098.824796932786 14
25128.26745765368 20
25157.710118374576 19
25187.15277909548 14
25216.595439816374 9
25246.038100537276 11
25275.48076125817 12
25304.923421979067 5
25334.36608269997 12
25363.808743420865 10
25393.251404141767 9
25422.694064862662 11
25452.136725583558 17
25481.57938630446 11
25511.022047025355 17
25540.464707746258 16
25569.907368467153 12
25599.35002918805 15
25628.79268990895 11
25658.235350629846 9
25687.67801135075 7
25717.120672071644 10
25746.56333279254 12
25776.00599351344 12
25805.448654234337 10
25834.89131495524 17
25864.333975676134 14
25893.77663639703 7
25923.219297117932 13
25952.661957838827 15
25982.10461855973 14
26011.547279280625 11
26040.98994000152 8
26070.432600722423 12
26099.875261443318 15
26129.31792216422 12
26158.760582885116 9
26188.203243606014 13
26217.645904326913 11
26247.08856504781 13
26276.53122576871 11
26305.973886489606 13
26335.416547210505 14
26364.859207931404 8
26394.3018686523 17
26423.7445293732 10
26453.187190094097 15
26482.629850814996 8
26512.072511535895 9
26541.51517225679 7
26570.957832977692 11
26600.400493698588 20
26629.843154419486 8
26659.285815140385 11
26688.72847586128 9
26718.171136582183 12
26747.613797303078 7
26777.056458023977 7
26806.499118744876 9
26835.94177946577 12
26865.384440186674 15
26894.82710090757 18
26924.269761628468 11
26953.712422349367 12
26983.15508307026 10
27012.597743791164 8
27042.04040451206 11
27071.48306523296 10
27100.925725953857 5
27130.368386674752 10
27159.811047395655 10
27189.25370811655 4
27218.69636883745 9
27248.139029558348 9
27277.581690279243 11
27307.024351000146 14
27336.46701172104 14
27365.90967244194 9
27395.35233316284 12
27424.794993883734 10
27454.237654604636 13
27483.68031532553 4
27513.12297604643 13
27542.56563676733 12
27572.008297488224 6
27601.450958209127 10
27630.893618930022 10
27660.33627965092 8
27689.77894037182 9
27719.221601092715 10
27748.664261813617 10
27778.106922534513 10
27807.54958325541 8
27836.99224397631 6
27866.434904697206 10
27895.877565418108 8
27925.320226139003 8
27954.762886859902 9
27984.2055475808 8
28013.648208301696 7
28043.0908690226 8
28072.533529743494 7
28101.976190464393 11
28131.41885118529 10
28160.861511906187 6
28190.30417262709 7
28219.746833347985 12
28249.189494068884 11
28278.632154789782 12
28308.074815510678 9
28337.51747623158 10
28366.960136952475 11
28396.402797673374 12
28425.845458394273 12
28455.28811911517 8
28484.73077983607 10
28514.173440556966 8
28543.616101277865 14
28573.058761998764 10
28602.50142271966 12
28631.94408344056 13
28661.386744161457 9
28690.829404882355 7
28720.272065603254 9
28749.71472632415 10
28779.157387045052 6
28808.600047765947 16
28838.042708486846 14
28867.485369207745 12
28896.92802992864 9
28926.370690649543 13
28955.813351370438 8
28985.256012091337 6
29014.698672812236 8
29044.14133353313 8
29073.583994254033 9
29103.02665497493 8
29132.469315695827 8
29161.911976416726 13
29191.35463713762 11
29220.797297858524 11
29250.23995857942 11
29279.682619300318 13
29309.125280021217 12
29338.567940742112 8
29368.010601463015 9
29397.45326218391 11
29426.89592290481 12
29456.338583625708 6
29485.781244346603 8
29515.223905067505 4
29544.6665657884 8
29574.109226509303 13
29603.5518872302 12
29632.994547951093 10
29662.437208671996 11
29691.87986939289 7
29721.322530113794 7
29750.76519083469 11
29780.207851555584 7
29809.650512276487 8
29839.09317299738 5
29868.535833718284 9
29897.97849443918 9
29927.421155160075 5
29956.863815880977 6
29986.306476601872 10
30015.749137322775 8
30045.19179804367 8
30074.634458764565 7
30104.077119485468 10
30133.519780206363 9
30162.962440927266 5
30192.40510164816 18
30221.847762369056 7
30251.29042308996 9
30280.733083810854 9
30310.175744531756 14
30339.61840525265 7
30369.061065973547 5
30398.50372669445 9
30427.946387415344 9
30457.389048136247 8
30486.831708857142 8
30516.274369578037 9
30545.71703029894 13
30575.159691019835 11
30604.602351740738 8
30634.045012461633 11
30663.487673182528 5
30692.93033390343 7
30722.372994624326 8
30751.815655345228 5
30781.258316066123 8
30810.70097678702 9
30840.14363750792 12
30869.586298228816 7
30899.02895894972 9
30928.471619670614 5
30957.91428039151 10
30987.35694111241 6
31016.799601833307 6
31046.24226255421 4
31075.684923275105 7
31105.127583996 8
31134.570244716902 11
31164.012905437798 11
31193.4555661587 5
31222.898226879595 10
31252.34088760049 4
31281.783548321393 7
31311.22620904229 3
31340.66886976319 5
31370.111530484086 6
31399.55419120498 6
31428.996851925884 9
31458.43951264678 5
31487.88217336768 5
31517.324834088577 11
31546.767494809472 3
31576.210155530374 9
31605.65281625127 9
31635.095476972172 10
31664.538137693067 8
31693.980798413962 7
31723.423459134865 4
31752.86611985576 4
31782.308780576663 9
31811.751441297558 8
31841.194102018453 9
31870.636762739356 10
31900.07942346025 6
31929.522084181153 9
31958.96474490205 4
31988.407405622944 6
32017.850066343846 8
32047.29272706474 7
32076.735387785644 10
32106.17804850654 9
32135.620709227434 8
32165.063369948337 12
32194.506030669232 8
32223.948691390135 7
32253.39135211103 5
32282.834012831925 14
32312.276673552828 6
32341.719334273723 10
32371.161994994625 2
32400.60465571552 11
32430.047316436416 9
32459.48997715732 11
32488.932637878213 6
32518.375298599116 9
32547.81795932001 3
32577.260620040906 10
32606.70328076181 3
32636.145941482704 11
32665.588602203607 7
32695.0312629245 6
32724.473923645397 11
32753.9165843663 9
32783.359245087195 7
32812.8019058081 10
32842.244566529 5
32871.68722724989 9
32901.12988797079 7
32930.57254869169 8
32960.01520941259 5
32989.45787013348 7
33018.900530854386 3
33048.34319157528 13
33077.785852296176 3
33107.22851301708 7
33136.67117373798 9
33166.11383445887 6
33195.55649517977 9
33224.999155900674 8
33254.44181662157 8
33283.884477342464 11
33313.32713806337 8
33342.76979878426 6
33372.21245950516 11
33401.65512022606 11
33431.09778094696 7
33460.54044166785 5
33489.98310238875 9
33519.425763109655 9
33548.86842383055 7
33578.311084551446 4
33607.75374527235 7
33637.19640599324 10
33666.63906671414 11
33696.08172743504 10
33725.52438815594 11
33754.96704887683 6
33784.409709597734 9
33813.85237031864 6
33843.295031039524 10
33872.73769176043 7
33902.18035248133 8
33931.623013202225 12
33961.06567392312 6
33990.50833464402 14
34019.95099536492 2
34049.39365608581 9
34078.836316806715 6
34108.27897752762 10
34137.721638248506 8
34167.16429896941 8
34196.60695969031 10
34226.049620411206 13
34255.4922811321 16
34284.934941853004 12
34314.3776025739 14
34343.820263294794 9
34373.2629240157 7
34402.7055847366 12
34432.14824545749 16
34461.59090617839 15
34491.03356689929 14
34520.47622762019 13
34549.91888834108 7
34579.361549061985 13
34608.80420978288 11
34638.246870503775 9
34667.68953122468 17
34697.13219194558 13
34726.57485266647 12
34756.01751338737 15
34785.46017410827 13
34814.90283482917 10
34844.345495550064 17
34873.788156270966 19
34903.23081699186 19
34932.67347771276 15
34962.11613843366 21
34991.55879915456 12
35021.00145987545 19
35050.44412059635 17
35079.886781317255 31
35109.32944203815 26
35138.772102759045 13
35168.21476347995 18
35197.65742420084 23
35227.10008492174 12
35256.54274564264 19
35285.98540636354 13
35315.42806708443 17
35344.87072780533 23
35374.313388526236 16
35403.75604924713 14
35433.19870996803 10
35462.64137068893 14
35492.084031409824 11
35521.52669213072 18
35550.96935285162 24
35580.412013572524 17
35609.85467429341 14
35639.297335014315 15
35668.73999573522 15
35698.18265645611 12
35727.62531717701 25
35757.06797789791 20
35786.510638618805 19
35815.9532993397 21
35845.3959600606 30
35874.838620781506 21
35904.28128150239 13
35933.723942223296 12
35963.1666029442 16
35992.609263665094 14
36022.05192438599 21
36051.49458510689 22
36080.93724582779 13
36110.37990654868 13
36139.822567269584 19
36169.26522799049 20
36198.707888711375 21
36228.15054943228 21
36257.59321015318 13
36287.035870874075 26
36316.47853159497 18
36345.92119231587 16
36375.36385303677 22
36404.80651375766 24
36434.249174478566 17
36463.69183519947 16
36493.134495920356 19
36522.57715664126 18
36552.01981736216 14
36581.462478083056 15
36610.90513880395 15
36640.347799524854 10
36669.79046024575 12
36699.233120966644 20
36728.67578168755 17
36758.11844240845 22
36787.56110312934 18
36817.00376385024 18
36846.44642457114 18
36875.88908529204 20
36905.33174601293 13
36934.774406733835 20
36964.21706745473 12
36993.659728175626 22
37023.10238889653 11
37052.54504961743 15
37081.98771033832 14
37111.43037105922 15
37140.873031780124 13
37170.31569250102 18
37199.758353221914 7
37229.20101394282 15
37258.64367466371 15
37288.08633538461 14
37317.52899610551 15
37346.97165682641 10
37376.4143175473 17
37405.8569782682 15
37435.299638989105 12
37464.74229971 13
37494.184960430895 14
37523.6276211518 13
37553.07028187269 12
37582.51294259359 13
37611.95560331449 12
37641.39826403539 12
37670.84092475628 14
37700.283585477184 7
37729.726246198086 10
37759.16890691898 4
37788.61156763988 13
37818.05422836078 12
37847.496889081674 10
37876.93954980257 11
37906.38221052347 8
37935.824871244375 12
37965.26753196527 16
37994.710192686165 9
38024.15285340707 14
38053.59551412796 5
38083.03817484886 13
38112.48083556976 7
38141.92349629066 10
38171.36615701155 13
38200.80881773245 5
38230.251478453356 7
38259.69413917425 11
38289.13679989515 6
38318.57946061605 9
38348.022121336944 10
38377.46478205784 16
38406.90744277874 7
38436.350103499644 5
38465.79276422053 7
38495.235424941435 9
38524.67808566234 9
38554.12074638323 5
38583.56340710413 3
38613.00606782503 9
38642.448728545925 5
38671.89138926682 8
38701.33404998772 6
38730.776710708626 4
38760.21937142951 9
38789.662032150416 8
38819.10469287132 6
38848.547353592214 6
38877.99001431311 9
38907.43267503401 4
38936.87533575491 7
38966.3179964758 5
38995.760657196704 4
39025.20331791761 9
39054.645978638495 5
39084.0886393594 8
39113.5313000803 5
39142.973960801195 4
39172.41662152209 11
39201.85928224299 4
39231.30194296389 2
39260.74460368478 2
39290.187264405686 6
39319.62992512659 3
39349.072585847476 7
39378.51524656838 6
39407.95790728928 5
39437.400568010176 6
39466.84322873107 3
39496.285889451974 8
39525.72855017287 3
39555.171210893765 5
39584.61387161467 7
39614.05653233557 1
39643.49919305646 3
39672.94185377736 4
39702.38451449826 1
39731.82717521916 2
39761.26983594005 4
39790.712496660955 6
39820.15515738185 6
39849.597818102746 6
39879.04047882365 2
39908.48313954455 1
39937.92580026544 4
39967.36846098634 4
39996.811121707244 2
40026.25378242814 4
40055.696443149034 5
40085.13910386994 1
40114.58176459083 2
40144.02442531173 4
40173.46708603263 7
40202.90974675353 4
40232.35240747442 1
40261.79506819532 1
40291.237728916225 1
40320.68038963712 4
40350.123050358015 4
40379.56571107892 1
40409.00837179981 3
40438.45103252071 3
40467.89369324161 4
40497.33635396251 6
40526.7790146834 3
40556.221675404304 2
40585.664336125206 4
40615.1069968461 4
40644.549657567 5
40673.9923182879 4
40703.434979008794 2
40732.87763972969 6
40762.32030045059 2
40791.762961171495 4
40821.20562189238 1
40850.648282613285 4
40880.09094333419 3
40909.53360405508 2
40938.97626477598 1
40968.41892549688 3
40997.861586217776 3
41027.30424693867 5
41056.74690765957 2
41086.189568380476 2
41115.632229101364 0
41145.07488982227 3
41174.51755054317 5
41203.960211264064 1
41233.40287198496 8
41262.84553270586 4
41292.28819342676 5
41321.73085414765 4
41351.173514868555 4
41380.61617558946 5
41410.058836310345 1
41439.50149703125 2
41468.94415775215 5
41498.386818473045 3
41527.82947919394 4
41557.27213991484 2
41586.71480063574 4
41616.15746135663 0
41645.600122077536 4
41675.04278279844 1
41704.48544351933 5
41733.92810424023 3
41763.37076496113 2
41792.81342568203 1
41822.25608640292 1
41851.698747123824 1
41881.14140784472 4
41910.584068565615 1
41940.02672928652 5
41969.46939000742 3
41998.91205072831 5
42028.35471144921 1
42057.79737217011 2
42087.24003289101 1
42116.6826936119 3
42146.125354332806 4
42175.5680150537 1
42205.010675774596 3
42234.4533364955 3
42263.8959972164 4
42293.33865793729 4
42322.78131865819 3
42352.223979379094 2
42381.66664009999 1
42411.109300820885 4
42440.55196154179 4
42469.99462226268 2
42499.43728298358 3
42528.87994370448 5
42558.32260442538 0
42587.76526514627 8
42617.20792586717 5
42646.650586588075 1
42676.09324730897 1
42705.535908029866 6
42734.97856875077 2
42764.42122947166 7
42793.86389019256 3
42823.30655091346 2
42852.749211634364 0
42882.19187235525 3
42911.634533076154 5
42941.07719379706 3
42970.51985451795 5
42999.96251523885 2
43029.40517595975 4
43058.847836680645 7
43088.29049740154 5
43117.73315812244 0
43147.175818843345 3
43176.61847956423 4
43206.061140285135 5
43235.50380100604 1
43264.94646172693 3
43294.38912244783 2
43323.83178316873 5
43353.274443889626 1
43382.71710461052 2
43412.159765331424 2
43441.602426052326 2
43471.045086773214 3
43500.48774749412 3
43529.93040821502 2
43559.373068935914 5
43588.81572965681 3
43618.25839037771 3
43647.70105109861 1
43677.1437118195 2
43706.586372540405 0
43736.02903326131 3
43765.471693982196 1
43794.9143547031 4
43824.357015424 1
43853.799676144896 2
43883.24233686579 5
43912.68499758669 3
43942.12765830759 3
43971.570319028484 3
44001.01297974939 4
44030.45564047029 6
44059.89830119118 0
44089.34096191208 3
44118.78362263298 3
44148.22628335388 4
44177.66894407477 4
44207.111604795675 5
44236.55426551657 4
44265.996926237465 0
44295.43958695837 3
44324.88224767927 3
44354.32490840016 3
44383.76756912106 2
44413.21022984196 4
44442.65289056286 2
44472.09555128375 5
44501.538212004656 4
44530.98087272555 1
44560.42353344645 4
44589.86619416735 2
44619.30885488825 2
44648.75151560915 3
44678.19417633004 5
44707.636837050944 1
44737.07949777184 6
44766.522158492735 1
44795.96481921364 2
44825.40747993454 5
44854.85014065543 3
44884.29280137633 0
44913.73546209723 4
44943.17812281813 5
44972.62078353902 1
45002.063444259926 2
45031.50610498082 2
45060.948765701716 3
45090.39142642262 2
45119.83408714352 5
45149.27674786441 2
45178.71940858531 4
45208.162069306214 0
45237.60473002711 4
45267.047390748005 5
45296.49005146891 2
45325.9327121898 3
45355.3753729107 5
45384.8180336316 7
45414.2606943525 2
45443.70335507339 1
45473.14601579429 3
45502.588676515195 1
45532.03133723609 0
45561.473997956986 1
45590.91665867789 3
45620.35931939878 3
45649.80198011968 4
45679.24464084058 4
45708.687301561484 1
45738.12996228237 0
45767.572623003274 2
45797.01528372418 4
45826.45794444507 4
45855.90060516597 2
45885.34326588687 1
45914.785926607765 3
45944.22858732866 4
45973.67124804956 2
46003.113908770465 1
46032.55656949135 4
46061.999230212255 5
46091.44189093316 1
46120.88455165405 2
46150.32721237495 3
46179.76987309585 1
46209.212533816746 3
46238.65519453764 2
46268.097855258544 0
46297.540515979446 1
46326.983176700334 4
46356.42583742124 0
46385.86849814214 4
46415.311158863035 1
46444.75381958393 2
46474.19648030483 1
46503.63914102573 2
46533.08180174662 2
46562.524462467525 1
46591.96712318843 1
46621.409783909316 1
46650.85244463022 4
46680.29510535112 4
46709.737766072016 0
46739.18042679291 1
46768.62308751381 1
46798.06574823471 3
46827.508408955604 5
46856.95106967651 4
46886.39373039741 1
46915.8363911183 0
46945.2790518392 3
46974.7217125601 0
47004.164373281 3
47033.60703400189 2
47063.049694722795 2
47092.49235544369 2
47121.935016164585 1
47151.37767688549 0
47180.82033760639 5
47210.26299832728 0
47239.70565904818 0
47269.14831976908 1
47298.59098048998 0
47328.03364121087 2
47357.476301931776 2
47386.91896265267 3
47416.36162337357 0
47445.80428409447 1
47475.24694481537 0
47504.68960553626 0
47534.13226625716 0
47563.574926978064 2
47593.01758769896 3
47622.460248419855 1
47651.90290914076 3
47681.34556986165 0
47710.78823058255 1
47740.23089130345 2
47769.67355202435 0
47799.11621274524 5
47828.55887346614 0
47858.001534187046 3
47887.44419490794 0
47916.886855628836 0
47946.32951634974 0
47975.772177070634 0
48005.21483779153 4
48034.65749851243 0
48064.100159233334 0
48093.54281995422 2
48122.985480675125 2
48152.42814139603 2
48181.87080211692 0
48211.31346283782 1
48240.75612355872 0
48270.198784279615 1
48299.64144500051 1
48329.08410572141 2
48358.526766442315 3
48387.9694271632 0
48417.412087884106 2
48446.85474860501 2
48476.2974093259 0
48505.7400700468 1
48535.1827307677 4
48564.6253914886 3
48594.06805220949 2
48623.510712930394 2
48652.9533736513 0
48682.396034372185 2
48711.83869509309 1
48741.28135581399 0
48770.724016534885 0
48800.16667725578 0
48829.60933797668 2
48859.05199869758 2
48888.49465941847 1
48917.937320139376 2
48947.37998086028 1
48976.822641581166 0
49006.26530230207 2
49035.70796302297 0
49065.150623743866 0
49094.59328446476 0
49124.035945185664 1
49153.47860590656 2
49182.921266627454 4
49212.36392734836 2
49241.80658806926 0
49271.24924879015 0
49300.69190951105 0
49330.13457023195 0
49359.57723095285 2
49389.01989167374 0
49418.462552394645 1
49447.90521311554 3
49477.347873836436 3
49506.79053455734 1
49536.23319527824 7
49565.67585599913 1
49595.11851672003 1
49624.56117744093 4
49654.00383816183 1
49683.446498882724 2
49712.88915960363 4
49742.33182032452 1
49771.77448104542 0
49801.21714176632 3
49830.65980248722 1
49860.10246320811 0
49889.54512392901 1
49918.987784649915 3
49948.43044537081 1
49977.873106091705 0
50007.31576681261 1
50036.7584275335 0
50066.2010882544 0
50095.6437489753 1
50125.0864096962 2
50154.52907041709 2
50183.97173113799 0
50213.414391858896 1
50242.85705257979 2
50272.29971330069 0
50301.74237402159 0
50331.185034742484 1
50360.62769546338 0
50390.07035618428 3
50419.513016905184 2
50448.95567762607 2
50478.398338346975 1
50507.84099906788 2
50537.28365978877 2
50566.72632050967 2
50596.16898123057 2
50625.611641951466 4
50655.05430267236 0
50684.49696339326 1
50713.939624114166 0
50743.382284835054 1
50772.824945555956 1
50802.26760627686 4
50831.710266997754 0
50861.15292771865 0
50890.59558843955 1
50920.03824916045 1
50949.48090988134 2
50978.923570602245 2
51008.36623132315 1
51037.808892044035 2
51067.25155276494 3
51096.69421348584 2
51126.136874206735 1
51155.57953492763 1
51185.02219564853 2
51214.46485636943 1
51243.90751709032 2
51273.350177811226 0
51302.79283853213 1
51332.23549925302 0
51361.67815997392 1
51391.12082069482 1
51420.56348141572 2
51450.00614213661 1
51479.448802857514 1
51508.89146357842 2
51538.334124299305 2
51567.77678502021 0
51597.21944574111 1
51626.662106462005 2
51656.1047671829 0
51685.5474279038 2
51714.9900886247 0
51744.43274934559 0
51773.875410066496 2
51803.3180707874 1
51832.760731508286 2
51862.20339222919 1
51891.64605295009 0
51921.088713670986 0
51950.53137439188 1
51979.974035112784 3
52009.41669583368 1
52038.859356554574 3
52068.30201727548 2
52097.74467799638 4
52127.18733871727 1
52156.62999943817 0
52186.07266015907 0
52215.51532087997 0
52244.95798160086 4
52274.400642321765 0
52303.84330304266 1
52333.285963763556 1
52362.72862448446 1
52392.17128520536 1
52421.61394592625 1
52451.05660664715 2
52480.49926736805 5
52509.94192808895 3
52539.384588809844 2
52568.82724953075 0
52598.26991025164 1
52627.71257097254 1
52657.15523169344 0
52686.59789241434 1
52716.04055313523 2
52745.48321385613 1
52774.925874577035 1
52804.36853529793 2
52833.811196018825 2
52863.25385673973 1
52892.69651746062 2
52922.13917818152 3
52951.58183890242 3
52981.02449962332 0
53010.46716034421 2
53039.909821065114 0
53069.352481786016 3
53098.79514250691 2
53128.23780322781 4
53157.68046394871 1
53187.123124669604 2
53216.5657853905 2
53246.0084461114 0
53275.451106832305 2
53304.89376755319 2
53334.336428274095 2
53363.779088995 1
53393.22174971589 2
53422.66441043679 2
53452.10707115769 0
53481.549731878586 1
53510.99239259948 2
53540.43505332038 1
53569.877714041286 3
53599.320374762174 1
53628.763035483076 2
53658.20569620398 2
53687.648356924874 2
53717.09101764577 3
53746.53367836667 0
53775.97633908757 0
53805.41899980846 1
53834.861660529365 2
53864.30432125027 3
53893.746981971155 2
53923.18964269206 4
53952.63230341296 2
53982.074964133855 3
54011.51762485475 0
54040.96028557565 1
54070.40294629655 1
54099.84560701744 3
54129.288267738346 2
54158.73092845925 4
54188.173589180136 2
54217.61624990104 1
54247.05891062194 2
54276.50157134284 0
54305.94423206373 5
54335.386892784634 0
54364.82955350553 0
54394.272214226425 1
54423.71487494733 4
54453.15753566823 1
54482.60019638912 3
54512.04285711002 1
54541.48551783092 3
54570.92817855182 3
54600.37083927271 1
54629.813499993616 1
54659.25616071451 1
54688.698821435406 3
54718.14148215631 1
54747.58414287721 0
54777.0268035981 1
54806.469464319 1
54835.912125039904 2
54865.3547857608 1
54894.797446481694 0
54924.2401072026 3
54953.68276792349 1
54983.12542864439 0
55012.56808936529 1
55042.01075008619 1
55071.45341080708 2
55100.89607152798 2
55130.338732248885 0
55159.78139296978 0
55189.224053690676 3
55218.66671441158 0
55248.10937513247 2
55277.55203585337 0
55306.99469657427 0
55336.43735729517 1
55365.88001801606 1
55395.322678736964 1
55424.76533945787 2
55454.20800017876 1
55483.65066089966 0
55513.09332162056 2
55542.535982341455 1
55571.97864306235 0
55601.42130378325 0
55630.863964504155 0
55660.30662522504 3
55689.749285945945 0
55719.19194666685 1
55748.63460738774 1
55778.07726810864 3
55807.51992882954 3
55836.962589550436 3
55866.40525027133 0
55895.847910992234 1
55925.290571713136 0
55954.733232434024 2
55984.17589315493 1
56013.61855387583 0
56043.061214596724 2
56072.50387531762 1
56101.94653603852 0
56131.38919675942 0
56160.83185748031 1
56190.274518201215 3
56219.71717892212 0
56249.159839643005 0
56278.60250036391 1
56308.04516108481 1
56337.487821805706 1
56366.9304825266 1
56396.3731432475 0
56425.8158039684 0
56455.258464689294 0
56484.701125410196 3
56514.1437861311 0
56543.58644685199 2
56573.02910757289 2
56602.47176829379 2
56631.91442901469 1
56661.35708973558 0
56690.799750456485 0
56720.24241117738 2
56749.685071898275 1
56779.12773261918 3
56808.57039334008 1
56838.01305406097 2
56867.45571478187 0
56896.89837550277 0
56926.34103622367 1
56955.78369694456 1
56985.226357665466 1
57014.66901838636 0
57044.111679107256 0
57073.55433982816 1
57102.99700054906 1
57132.43966126995 0
57161.88232199085 1
57191.324982711754 0
57220.76764343265 0
57250.210304153545 1
57279.65296487445 1
57309.09562559534 0
57338.53828631624 1
57367.98094703714 1
57397.42360775804 4
57426.86626847893 0
57456.30892919983 0
57485.751589920736 4
57515.19425064163 2
57544.636911362526 1
57574.07957208343 0
57603.522232804324 2
57632.96489352522 2
57662.40755424612 1
57691.850214967024 0
57721.29287568791 1
57750.735536408814 0
57780.17819712972 2
57809.62085785061 2
57839.06351857151 2
57868.50617929241 0
57897.948840013305 1
57927.3915007342 0
57956.8341614551 2
57986.276822176005 1
58015.7194828969 2
58045.162143617796 0
58074.6048043387 0
58104.04746505959 1
58133.49012578049 0
58162.93278650139 5
58192.37544722229 2
58221.81810794318 1
58251.260768664084 3
58280.70342938499 4
58310.14609010588 2
58339.58875082678 1
58369.03141154768 3
58398.474072268575 3
58427.91673298947 4
58457.35939371037 1
58486.802054431275 3
58516.24471515216 4
58545.687375873065 4
58575.13003659397 2
58604.57269731486 4
58634.01535803576 5
58663.45801875666 5
58692.900679477556 7
58722.34334019845 4
58751.786000919354 5
58781.228661640256 9
58810.671322361144 10
58840.11398308205 5
58869.55664380295 14
58898.999304523844 10
58928.44196524474 20
58957.88462596564 20
58987.32728668654 20
59016.76994740743 22
59046.212608128335 23
59075.65526884924 38
59105.097929570125 50
59134.54059029103 37
59163.98325101193 23
59193.425911732826 30
59222.86857245372 30
59252.31123317462 22
59281.75389389552 13
59311.196554616414 8
59340.639215337316 5
59370.08187605822 6
59399.52453677911 4
59428.96719750001 3
59458.40985822091 2
59487.85251894181 3
59517.2951796627 4
59546.737840383605 3
59576.1805011045 5
59605.623161825395 4
59635.0658225463 2
59664.5084832672 3
59693.95114398809 3
59723.39380470899 2
59752.83646542989 4
59782.27912615079 3
59811.72178687168 1
59841.164447592586 2
59870.60710831348 1
59900.04976903438 1
59929.49242975528 1
59958.93509047618 5
59988.37775119707 1
60017.82041191797 2
60047.263072638874 3
60076.70573335977 2
60106.148394080665 7
60135.59105480157 4
60165.03371552246 3
60194.47637624336 7
60223.91903696426 5
60253.36169768516 1
60282.80435840605 1
60312.24701912695 4
60341.689679847856 7
60371.13234056875 2
60400.575001289646 7
60430.01766201055 2
60459.460322731444 9
60488.90298345234 6
60518.34564417324 8
60547.788304894144 5
60577.23096561503 9
60606.673626335934 5
60636.11628705684 7
60665.55894777773 6
60695.00160849863 6
60724.44426921953 8
60753.886929940425 9
60783.32959066132 6
60812.77225138222 15
60842.214912103125 8
60871.65757282401 6
60901.100233544916 13
60930.54289426582 10
60959.98555498671 14
60989.42821570761 18
61018.87087642851 16
61048.313537149406 16
61077.7561978703 16
61107.198858591204 24
61136.64151931211 35
61166.084180032994 97
61195.5268407539 222
61224.9695014748 235
61254.412162195695 89
61283.85482291659 10
