# TIME: 180.961491136 s
# Channel Counts
1014.8048481726671 3684
1044.3808313541858 2481
1073.9568145357043 1649
1103.532797717223 1133
1133.1087808987418 841
1162.6847640802603 562
1192.260747261779 394
1221.8367304432977 327
1251.4127136248162 284
1280.9886968063352 257
1310.5646799878537 256
1340.1406631693721 282
1369.716646350891 253
1399.2926295324096 245
1428.868612713928 245
1458.444595895447 267
1488.0205790769655 279
1517.596562258484 278
1547.172545440003 293
1576.7485286215215 277
1606.3245118030402 296
1635.900494984559 320
1665.4764781660774 309
1695.0524613475961 309
1724.6284445291149 308
1754.2044277106334 312
1783.7804108921523 317
1813.3563940736708 307
1842.9323772551893 346
1872.5083604367082 336
1902.0843436182267 343
1931.6603267997452 343
1961.2363099812642 367
1990.8122931627827 338
2020.3882763443014 354
2049.96425952582 370
2079.5402427073386 342
2109.116225888857 361
2138.692209070376 347
2168.2681922518946 347
2197.8441754334135 311
2227.420158614932 337
2256.9961417964505 345
2286.572124977969 325
2316.148108159488 325
2345.7240913410064 315
2375.3000745225254 368
2404.876057704044 309
2434.4520408855624 317
2464.028024067081 308
2493.6040072486 333
2523.179990430119 304
2552.7559736116373 338
2582.3319567931558 320
2611.9079399746743 284
2641.483923156193 318
2671.0599063377117 308
2700.6358895192307 324
2730.211872700749 282
2759.7878558822676 314
2789.363839063786 282
2818.939822245305 280
2848.5158054268236 270
2878.0917886083425 299
2907.667771789861 282
2937.2437549713795 280
2966.819738152898 299
2996.395721334417 286
3025.971704515936 264
3055.5476876974544 274
3085.123670878973 275
3114.6996540604914 275
3144.27563724201 257
3173.851620423529 282
3203.4276036050474 280
3233.0035867865663 286
3262.579569968085 288
3292.1555531496033 223
3321.731536331122 262
3351.3075195126407 287
3380.8835026941592 261
3410.459485875678 236
3440.0354690571967 254
3469.611452238715 257
3499.187435420234 240
3528.7634186017526 248
3558.3394017832716 274
3587.91538496479 247
3617.4913681463086 233
3647.067351327827 265
3676.643334509346 231
3706.2193176908645 241
3735.7953008723835 221
3765.371284053902 259
3794.9472672354204 221
3824.523250416939 200
3854.099233598458 227
3883.6752167799764 267
3913.2511999614953 214
3942.827183143014 219
3972.4031663245323 265
4001.9791495060513 248
4031.5551326875698 228
4061.1311158690887 230
4090.707099050607 230
4120.283082232127 227
4149.859065413644 224
4179.435048595164 215
4209.011031776681 201
4238.587014958201 224
4268.16299813972 184
4297.738981321238 228
4327.314964502757 221
4356.890947684275 195
4386.466930865794 190
4416.0429140473125 250
4445.618897228831 199
4475.19488041035 193
4504.770863591868 238
4534.346846773387 178
4563.922829954906 223
4593.498813136424 214
4623.074796317944 197
4652.650779499461 213
4682.226762680981 189
4711.802745862498 202
4741.378729044018 185
4770.954712225537 185
4800.530695407055 193
4830.106678588574 223
4859.682661770092 207
4889.258644951611 211
4918.83462813313 189
4948.410611314648 194
4977.9865944961675 199
5007.562577677685 186
5037.1385608592045 167
5066.714544040723 169
5096.2905272222415 177
5125.86651040376 179
5155.4424935852785 188
5185.018476766798 187
5214.5944599483155 219
5244.170443129835 184
5273.7464263113525 155
5303.322409492872 197
5332.898392674391 159
5362.474375855909 198
5392.050359037428 151
5421.626342218946 198
5451.202325400465 206
5480.778308581985 190
5510.354291763502 180
5539.930274945022 151
5569.506258126539 170
5599.082241308059 150
5628.658224489577 147
5658.234207671096 168
5687.810190852615 175
5717.386174034133 156
5746.962157215652 157
5776.53814039717 165
5806.114123578689 147
5835.690106760208 162
5865.266089941726 169
5894.842073123245 160
5924.418056304763 169
5953.994039486282 158
5983.570022667802 146
6013.146005849319 143
6042.721989030839 171
6072.297972212356 145
6101.873955393876 146
6131.449938575394 129
6161.025921756913 161
6190.601904938432 137
6220.17788811995 144
6249.753871301469 154
6279.329854482987 123
6308.905837664506 134
6338.481820846026 125
6368.057804027543 155
6397.633787209063 154
6427.20977039058 143
6456.7857535721 132
6486.361736753619 127
6515.937719935137 161
6545.513703116656 142
6575.089686298174 149
6604.665669479693 138
6634.241652661211 102
6663.81763584273 146
6693.393619024249 129
6722.969602205767 108
6752.545585387286 124
6782.121568568804 122
6811.697551750323 116
6841.273534931843 117
6870.84951811336 125
6900.42550129488 109
6930.001484476397 126
6959.577467657917 94
6989.153450839436 108
7018.729434020954 106
7048.305417202473 100
7077.881400383991 110
7107.45738356551 128
7137.033366747029 109
7166.609349928547 119
7196.1853331100665 120
7225.761316291584 102
7255.3372994731035 106
7284.913282654621 126
7314.4892658361405 117
7344.06524901766 109
7373.6412321991775 98
7403.217215380697 98
7432.7931985622145 101
7462.369181743734 94
7491.945164925252 111
7521.521148106771 100
7551.09713128829 108
7580.673114469808 84
7610.249097651327 82
7639.825080832846 117
7669.401064014364 87
7698.977047195884 83
7728.553030377401 113
7758.129013558921 116
7787.704996740438 114
7817.280979921958 97
7846.856963103477 101
7876.432946284995 100
7906.008929466514 89
7935.584912648032 96
7965.160895829551 102
7994.7368790110695 95
8024.312862192588 97
8053.888845374107 94
8083.464828555625 85
8113.040811737144 68
8142.616794918663 90
8172.192778100181 99
8201.7687612817 87
8231.344744463218 76
8260.920727644738 93
8290.496710826257 86
8320.072694007775 83
8349.648677189294 79
8379.224660370812 93
8408.800643552331 98
8438.37662673385 86
8467.952609915368 79
8497.528593096888 79
8527.104576278405 98
8556.680559459925 78
8586.256542641444 75
8615.832525822962 89
8645.408509004481 67
8674.984492185999 92
8704.560475367518 76
8734.136458549037 67
8763.712441730555 75
8793.288424912073 71
8822.864408093592 73
8852.440391275111 79
8882.01637445663 76
8911.592357638148 69
8941.168340819666 75
8970.744324001185 77
9000.320307182705 72
9029.896290364224 89
9059.472273545742 76
9089.04825672726 75
9118.624239908779 71
9148.200223090298 67
9177.776206271818 68
9207.352189453333 60
9236.928172634853 73
9266.504155816372 64
9296.080138997891 63
9325.656122179409 65
9355.232105360927 77
9384.808088542446 55
9414.384071723965 64
9443.960054905485 70
9473.536038087002 68
9503.11202126852 68
9532.68800445004 63
9562.263987631559 65
9591.839970813076 62
9621.415953994596 52
9650.991937176113 62
9680.567920357633 49
9710.143903539152 78
9739.71988672067 56
9769.29586990219 43
9798.871853083707 56
9828.447836265226 62
9858.023819446746 64
9887.599802628263 62
9917.175785809783 59
9946.7517689913 44
9976.32775217282 47
10005.903735354339 48
10035.479718535857 58
10065.055701717374 56
10094.631684898894 57
10124.207668080413 54
10153.783651261932 43
10183.35963444345 46
10212.935617624968 46
10242.511600806487 61
10272.087583988006 53
10301.663567169526 58
10331.239550351043 56
10360.815533532561 51
10390.39151671408 48
10419.9674998956 53
10449.54348307712 51
10479.119466258637 38
10508.695449440154 54
10538.271432621674 45
10567.847415803193 53
10597.42339898471 62
10626.99938216623 48
10656.575365347748 46
10686.151348529267 49
10715.727331710787 56
10745.303314892304 60
10774.879298073824 58
10804.455281255341 47
10834.03126443686 55
10863.60724761838 55
10893.183230799898 46
10922.759213981417 42
10952.335197162934 45
10981.911180344454 56
11011.487163525973 43
11041.06314670749 39
11070.639129889008 50
11100.215113070528 48
11129.791096252047 37
11159.367079433567 57
11188.943062615084 44
11218.519045796602 54
11248.095028978121 62
11277.67101215964 47
11307.24699534116 37
11336.822978522678 52
11366.398961704195 51
11395.974944885715 49
11425.550928067234 47
11455.126911248753 40
11484.702894430271 50
11514.278877611789 64
11543.854860793308 59
11573.430843974827 47
11603.006827156345 60
11632.582810337864 40
11662.158793519382 42
11691.734776700901 59
11721.31075988242 49
11750.886743063938 57
11780.462726245458 26
11810.038709426975 56
11839.614692608495 38
11869.190675790014 57
11898.766658971532 43
11928.342642153051 43
11957.918625334569 40
11987.494608516088 48
12017.070591697608 51
12046.646574879125 50
12076.222558060643 48
12105.798541242162 40
12135.374524423682 47
12164.950507605201 36
12194.526490786719 55
12224.102473968236 45
12253.678457149756 40
12283.254440331275 59
12312.830423512794 30
12342.406406694312 41
12371.98238987583 45
12401.558373057349 54
12431.134356238868 42
12460.710339420388 46
12490.286322601905 45
12519.862305783423 38
12549.438288964942 46
12579.014272146462 42
12608.59025532798 44
12638.166238509499 48
12667.742221691016 49
12697.318204872536 53
12726.894188054055 40
12756.470171235573 44
12786.046154417092 44
12815.62213759861 47
12845.19812078013 43
12874.774103961649 43
12904.350087143166 41
12933.926070324685 35
12963.502053506203 41
12993.078036687722 36
13022.654019869242 46
13052.23000305076 51
13081.805986232277 53
13111.381969413796 38
13140.957952595316 54
13170.533935776835 42
13200.109918958353 44
13229.68590213987 51
13259.26188532139 46
13288.83786850291 45
13318.413851684429 47
13347.989834865946 47
13377.565818047464 41
13407.141801228983 44
13436.717784410503 45
13466.293767592022 45
13495.86975077354 44
13525.445733955057 33
13555.021717136577 44
13584.597700318096 36
13614.173683499614 38
13643.749666681133 41
13673.32564986265 44
13702.90163304417 42
13732.47761622569 49
13762.053599407207 30
13791.629582588726 41
13821.205565770244 60
13850.781548951763 43
13880.357532133283 42
13909.9335153148 38
13939.509498496318 36
13969.085481677837 40
13998.661464859357 40
14028.237448040876 35
14057.813431222394 38
14087.389414403911 46
14116.96539758543 39
14146.54138076695 36
14176.11736394847 41
14205.693347129987 42
14235.269330311505 46
14264.845313493024 38
14294.421296674544 54
14323.997279856063 36
14353.57326303758 57
14383.149246219098 47
14412.725229400618 46
14442.301212582137 34
14471.877195763655 48
14501.453178945174 39
14531.029162126692 39
14560.605145308211 37
14590.18112848973 37
14619.757111671248 36
14649.333094852767 40
14678.909078034285 53
14708.485061215804 49
14738.061044397324 51
14767.637027578841 45
14797.21301076036 28
14826.788993941878 24
14856.364977123398 32
14885.940960304917 36
14915.516943486435 51
14945.092926667952 37
14974.668909849472 40
15004.244893030991 38
15033.82087621251 43
15063.396859394028 37
15092.972842575546 38
15122.548825757065 38
15152.124808938584 42
15181.700792120104 33
15211.276775301621 35
15240.852758483139 41
15270.428741664658 32
15300.004724846178 48
15329.580708027697 38
15359.156691209215 28
15388.732674390732 36
15418.308657572252 47
15447.884640753771 41
15477.460623935289 34
15507.036607116808 23
15536.612590298326 33
15566.188573479845 35
15595.764556661365 35
15625.340539842882 35
15654.916523024402 36
15684.49250620592 28
15714.068489387439 31
15743.644472568958 33
15773.220455750476 28
15802.796438931995 23
15832.372422113513 36
15861.948405295032 35
15891.524388476551 30
15921.100371658069 36
15950.676354839587 38
15980.252338021106 35
16009.828321202625 18
16039.404304384145 39
16068.980287565662 28
16098.55627074718 26
16128.1322539287 28
16157.708237110219 23
16187.284220291738 25
16216.860203473256 33
16246.436186654773 36
16276.012169836293 24
16305.588153017812 32
16335.164136199332 22
16364.74011938085 31
16394.31610256237 21
16423.892085743886 29
16453.468068925406 15
16483.044052106925 22
16512.62003528844 27
16542.196018469964 36
16571.77200165148 23
16601.347984833 25
16630.92396801452 33
16660.499951196034 29
16690.075934377557 24
16719.651917559073 20
16749.227900740592 14
16778.80388392211 16
16808.379867103627 25
16837.95585028515 24
16867.531833466666 24
16897.107816648186 20
16926.683799829705 18
16956.25978301122 24
16985.835766192744 20
17015.41174937426 22
17044.98773255578 17
17074.5637157373 18
17104.139698918814 23
17133.715682100337 23
17163.291665281853 21
17192.867648463372 26
17222.443631644892 19
17252.019614826408 27
17281.59559800793 18
17311.171581189446 24
17340.747564370966 22
17370.323547552485 26
17399.899530734 22
17429.47551391552 23
17459.05149709704 17
17488.627480278556 25
17518.20346346008 21
17547.779446641594 21
17577.355429823114 19
17606.931413004633 24
17636.50739618615 19
17666.083379367672 12
17695.659362549188 25
17725.235345730707 21
17754.811328912227 20
17784.387312093742 16
17813.963295275265 25
17843.53927845678 16
17873.1152616383 20
17902.69124481982 14
17932.267228001336 19
17961.84321118286 33
17991.419194364375 16
18020.995177545894 19
18050.571160727413 25
18080.14714390893 16
18109.723127090452 23
18139.299110271968 15
18168.875093453484 22
18198.451076635007 23
18228.027059816523 16
18257.603042998046 26
18287.17902617956 26
18316.755009361077 19
18346.3309925426 24
18375.906975724116 21
18405.48295890564 19
18435.058942087155 25
18464.63492526867 24
18494.210908450194 13
18523.78689163171 17
18553.362874813232 22
18582.938857994748 25
18612.514841176264 20
18642.090824357787 20
18671.666807539303 28
18701.242790720826 17
18730.81877390234 19
18760.394757083857 18
18789.97074026538 19
18819.546723446896 20
18849.12270662842 23
18878.698689809935 24
18908.27467299145 11
18937.850656172974 25
18967.42663935449 21
18997.002622536012 20
19026.57860571753 20
19056.154588899044 11
19085.730572080567 33
19115.306555262083 20
19144.882538443602 22
19174.45852162512 8
19204.034504806637 20
19233.61048798816 17
19263.186471169676 22
19292.762454351196 16
19322.338437532715 18
19351.91442071423 17
19381.490403895754 15
19411.06638707727 21
19440.64237025879 21
19470.21835344031 23
19499.794336621824 20
19529.370319803347 25
19558.946302984863 13
19588.522286166382 15
19618.0982693479 28
19647.674252529418 13
19677.25023571094 19
19706.826218892456 15
19736.402202073976 17
19765.978185255495 16
19795.55416843701 22
19825.130151618534 22
19854.70613480005 22
19884.28211798157 19
19913.85810116309 16
19943.434084344604 23
19973.010067526127 13
20002.586050707643 18
20032.162033889163 13
20061.738017070682 12
20091.314000252198 21
20120.88998343372 20
20150.465966615237 14
20180.041949796752 17
20209.617932978275 29
20239.19391615979 19
20268.769899341314 19
20298.34588252283 17
20327.921865704346 19
20357.49784888587 14
20387.073832067385 21
20416.649815248908 16
20446.225798430423 23
20475.80178161194 13
20505.377764793462 17
20534.953747974978 16
20564.5297311565 23
20594.105714338017 24
20623.681697519532 20
20653.257680701056 16
20682.83366388257 17
20712.409647064094 24
20741.98563024561 22
20771.561613427126 12
20801.13759660865 13
20830.713579790165 19
20860.289562971688 16
20889.865546153203 16
20919.44152933472 16
20949.017512516242 23
20978.593495697758 15
21008.16947887928 28
21037.745462060797 11
21067.321445242313 15
21096.897428423836 16
21126.47341160535 15
21156.04939478687 24
21185.62537796839 15
21215.201361149906 21
21244.77734433143 10
21274.353327512945 22
21303.929310694464 15
21333.505293875984 24
21363.0812770575 22
21392.657260239022 18
21422.23324342054 18
21451.809226602058 20
21481.385209783577 24
21510.961192965093 18
21540.537176146616 20
21570.11315932813 10
21599.68914250965 23
21629.26512569117 9
21658.841108872686 14
21688.41709205421 23
21717.993075235725 26
21747.569058417244 17
21777.145041598764 26
21806.72102478028 19
21836.297007961803 24
21865.87299114332 23
21895.448974324838 11
21925.024957506357 16
21954.600940687873 28
21984.176923869396 23
22013.75290705091 16
22043.328890232428 26
22072.90487341395 20
22102.480856595466 27
22132.05683977699 16
22161.632822958505 10
22191.20880614002 16
22220.784789321544 19
22250.36077250306 14
22279.936755684583 22
22309.5127388661 23
22339.088722047614 15
22368.664705229137 21
22398.240688410653 14
22427.816671592176 16
22457.392654773692 15
22486.968637955208 24
22516.54462113673 19
22546.120604318246 9
22575.69658749977 25
22605.272570681285 16
22634.8485538628 28
22664.424537044324 14
22694.00052022584 17
22723.576503407363 17
22753.15248658888 22
22782.728469770394 23
22812.304452951917 26
22841.880436133433 18
22871.456419314956 25
22901.032402496472 22
22930.608385677988 17
22960.18436885951 16
22989.760352041027 24
23019.336335222546 15
23048.912318404065 19
23078.48830158558 18
23108.064284767104 12
23137.64026794862 13
23167.21625113014 14
23196.79223431166 15
23226.368217493175 19
23255.944200674698 20
23285.520183856213 14
23315.096167037733 12
23344.672150219252 17
23374.248133400768 21
23403.82411658229 23
23433.400099763807 17
23462.976082945326 12
23492.552066126846 22
23522.12804930836 12
23551.704032489884 15
23581.2800156714 25
23610.85599885292 22
23640.43198203444 12
23670.007965215955 13
23699.583948397478 17
23729.159931578994 19
23758.735914760513 21
23788.311897942032 16
23817.887881123548 22
23847.46386430507 20
23877.039847486587 17
23906.615830668106 12
23936.191813849626 12
23965.76779703114 12
23995.343780212665 22
24024.91976339418 21
24054.495746575696 16
24084.07172975722 18
24113.647712938735 9
24143.223696120258 22
24172.799679301774 13
24202.37566248329 13
24231.951645664813 8
24261.52762884633 14
24291.10361202785 18
24320.679595209367 14
24350.255578390883 8
24379.831561572406 5
24409.40754475392 17
24438.983527935445 9
24468.55951111696 20
24498.135494298476 7
24527.71147748 14
24557.287460661515 13
24586.863443843038 11
24616.439427024554 15
24646.01541020607 16
24675.591393387593 13
24705.16737656911 17
24734.74335975063 16
24764.319342932147 11
24793.895326113663 10
24823.471309295186 11
24853.047292476702 8
24882.623275658225 8
24912.19925883974 10
24941.775242021256 6
24971.35122520278 9
25000.927208384295 10
25030.503191565815 15
25060.079174747334 5
25089.65515792885 12
25119.231141110373 5
25148.80712429189 10
25178.383107473408 12
25207.959090654927 19
25237.535073836443 10
25267.111057017966 4
25296.687040199482 18
25326.263023381 6
25355.83900656252 9
25385.414989744037 17
25414.99097292556 12
25444.566956107075 12
25474.142939288595 9
25503.718922470114 8
25533.29490565163 11
25562.870888833153 11
25592.44687201467 14
25622.022855196188 12
25651.598838377708 13
25681.174821559223 12
25710.750804740746 13
25740.326787922262 7
25769.90277110378 8
25799.4787542853 4
25829.054737466817 2
25858.63072064834 12
25888.206703829856 4
25917.782687011375 10
25947.358670192894 19
25976.93465337441 8
26006.510636555933 6
26036.08661973745 16
26065.662602918965 12
26095.238586100488 11
26124.814569282004 12
26154.390552463527 10
26183.966535645042 9
26213.542518826558 9
26243.11850200808 17
26272.694485189597 14
26302.27046837112 13
26331.846451552636 9
26361.42243473415 15
26390.998417915675 8
26420.57440109719 12
26450.150384278713 7
26479.72636746023 9
26509.302350641745 11
26538.878333823268 6
26568.454317004784 9
26598.030300186307 7
26627.606283367822 14
26657.18226654934 14
26686.75824973086 5
26716.334232912377 14
26745.9102160939 8
26775.486199275416 13
26805.06218245693 14
26834.638165638455 13
26864.21414881997 7
26893.79013200149 14
26923.36611518301 18
26952.942098364525 9
26982.518081546048 15
27012.094064727564 11
27041.670047909083 18
27071.246031090603 13
27100.82201427212 9
27130.39799745364 8
27159.973980635157 17
27189.549963816677 15
27219.125946998196 12
27248.70193017971 12
27278.277913361235 9
27307.85389654275 6
27337.42987972427 9
27367.00586290579 21
27396.581846087305 9
27426.15782926883 8
27455.733812450344 13
27485.309795631863 12
27514.885778813383 12
27544.4617619949 13
27574.03774517642 15
27603.613728357937 8
27633.189711539457 7
27662.765694720976 12
27692.341677902492 9
27721.917661084015 6
27751.49364426553 17
27781.06962744705 7
27810.64561062857 13
27840.221593810085 6
27869.79757699161 8
27899.373560173124 16
27928.94954335464 5
27958.525526536163 11
27988.10150971768 12
28017.6774928992 5
28047.253476080718 6
28076.829459262233 7
28106.405442443756 10
28135.981425625272 6
28165.557408806795 11
28195.13339198831 12
28224.709375169827 10
28254.28535835135 14
28283.861341532865 9
28313.43732471439 13
28343.013307895904 11
28372.58929107742 10
28402.165274258943 11
28431.74125744046 11
28461.317240621982 11
28490.893223803498 11
28520.469206985013 8
28550.045190166536 9
28579.621173348052 9
28609.197156529575 5
28638.77313971109 10
28668.349122892607 10
28697.92510607413 9
28727.501089255646 8
28757.07707243717 7
28786.653055618684 8
28816.2290388002 5
28845.805021981723 7
28875.38100516324 16
28904.95698834476 10
28934.532971526278 3
28964.108954707794 12
28993.684937889317 7
29023.260921070832 9
29052.83690425235 13
29082.41288743387 14
29111.988870615387 14
29141.56485379691 8
29171.140836978426 4
29200.716820159945 9
29230.292803341465 11
29259.86878652298 13
29289.444769704503 7
29319.02075288602 11
29348.59673606754 9
29378.172719249058 8
29407.748702430574 13
29437.324685612097 10
29466.900668793613 7
29496.476651975132 8
29526.05263515665 9
29555.628618338167 7
29585.20460151969 9
29614.780584701206 9
29644.356567882725 8
29673.932551064245 10
29703.50853424576 5
29733.084517427284 9
29762.6605006088 9
29792.23648379032 10
29821.812466971838 8
29851.388450153354 12
29880.964433334877 12
29910.540416516393 10
29940.11639969791 7
29969.69238287943 11
29999.268366060947 9
30028.84434924247 6
30058.420332423986 11
30087.996315605502 7
30117.572298787025 8
30147.14828196854 4
30176.724265150064 13
30206.30024833158 9
30235.876231513095 11
30265.45221469462 6
30295.028197876134 8
30324.604181057657 8
30354.180164239173 2
30383.75614742069 10
30413.33213060221 10
30442.908113783727 7
30472.48409696525 8
30502.060080146766 10
30531.636063328282 7
30561.212046509805 13
30590.78802969132 5
30620.364012872844 6
30649.93999605436 8
30679.515979235875 7
30709.0919624174 8
30738.667945598914 9
30768.243928780437 13
30797.819911961953 6
30827.39589514347 5
30856.971878324992 11
30886.547861506508 6
30916.123844688027 8
30945.699827869546 8
30975.275811051062 11
31004.851794232585 6
31034.4277774141 4
31064.00376059562 9
31093.57974377714 8
31123.155726958656 7
31152.73171014018 8
31182.307693321694 9
31211.883676503214 10
31241.459659684733 9
31271.03564286625 4
31300.611626047772 8
31330.187609229288 7
31359.763592410807 2
31389.339575592327 6
31418.915558773842 4
31448.491541955365 5
31478.06752513688 7
31507.6435083184 6
31537.21949149992 12
31566.795474681436 7
31596.37145786296 8
31625.947441044475 3
31655.523424225994 10
31685.099407407513 10
31714.67539058903 7
31744.251373770552 11
31773.827356952068 6
31803.403340133584 12
31832.979323315107 6
31862.555306496623 5
31892.131289678146 8
31921.70727285966 7
31951.283256041177 7
31980.8592392227 10
32010.435222404216 9
32040.01120558574 11
32069.587188767255 10
32099.16317194877 7
32128.739155130294 4
32158.31513831181 7
32187.891121493332 3
32217.467104674848 10
32247.043087856364 4
32276.619071037887 7
32306.195054219403 10
32335.771037400926 5
32365.34702058244 5
32394.923003763957 3
32424.49898694548 12
32454.074970126996 5
32483.65095330852 1
32513.226936490035 11
32542.80291967155 11
32572.378902853074 6
32601.95488603459 10
32631.530869216112 14
32661.10685239763 7
32690.682835579144 3
32720.258818760667 5
32749.834801942183 4
32779.410785123706 8
32808.98676830522 9
32838.56275148674 9
32868.13873466826 11
32897.71471784978 13
32927.29070103129 6
32956.866684212815 9
32986.44266739434 8
33016.018650575854 2
33045.59463375737 9
33075.17061693889 8
33104.74660012041 4
33134.322583301924 18
33163.89856648345 7
33193.47454966497 7
33223.05053284648 14
33252.626516028 5
33282.202499209525 5
33311.77848239104 11
33341.35446557256 6
33370.93044875408 11
33400.506431935595 6
33430.08241511711 9
33459.658398298634 9
33489.23438148016 8
33518.810364661666 11
33548.38634784319 11
33577.96233102471 7
33607.53831420623 17
33637.11429738774 8
33666.690280569266 15
33696.26626375078 9
33725.8422469323 16
33755.41823011382 9
33784.994213295344 15
33814.57019647686 13
33844.146179658375 9
33873.7221628399 11
33903.298146021414 13
33932.87412920293 12
33962.45011238445 9
33992.026095565976 11
34021.602078747484 13
34051.17806192901 18
34080.75404511053 10
34110.330028292046 11
34139.90601147356 11
34169.481994655085 8
34199.0579778366 15
34228.63396101812 18
34258.20994419964 11
34287.78592738116 18
34317.36191056267 16
34346.937893744194 11
34376.51387692572 11
34406.08986010723 18
34435.66584328875 12
34465.24182647027 12
34494.81780965179 10
34524.3937928333 11
34553.96977601483 17
34583.54575919635 11
34613.12174237786 14
34642.69772555938 16
34672.273708740904 14
34701.84969192242 12
34731.425675103936 19
34761.00165828546 17
34790.577641466974 11
34820.15362464849 12
34849.72960783001 18
34879.305591011536 15
34908.881574193045 19
34938.45755737457 11
34968.03354055609 19
34997.60952373761 13
35027.18550691912 22
35056.761490100645 11
35086.33747328216 19
35115.91345646368 27
35145.4894396452 17
35175.06542282672 20
35204.64140600823 20
35234.217389189755 23
35263.79337237128 23
35293.369355552786 23
35322.94533873431 15
35352.52132191583 28
35382.09730509735 22
35411.673288278864 15
35441.24927146039 22
35470.8252546419 11
35500.40123782342 20
35529.97722100494 21
35559.553204186464 17
35589.12918736797 12
35618.705170549496 22
35648.28115373102 23
35677.857136912535 21
35707.43312009405 15
35737.00910327557 22
35766.58508645709 21
35796.161069638605 21
35825.73705282013 16
35855.31303600165 22
35884.88901918316 22
35914.46500236468 23
35944.040985546206 16
35973.61696872772 19
36003.19295190924 20
36032.76893509076 17
36062.344918272276 12
36091.92090145379 19
36121.496884635315 19
36151.07286781684 27
36180.64885099835 16
36210.22483417987 16
36239.80081736139 17
36269.37680054291 19
36298.952783724424 18
36328.52876690595 17
36358.10475008746 17
36387.68073326898 18
36417.2567164505 21
36446.832699632025 17
36476.40868281353 15
36505.984665995056 11
36535.56064917658 15
36565.136632358095 18
36594.71261553961 21
36624.288598721134 17
36653.86458190265 21
36683.440565084165 13
36713.01654826569 15
36742.59253144721 14
36772.16851462872 12
36801.74449781024 16
36831.320480991766 13
36860.89646417328 19
36890.4724473548 18
36920.04843053632 9
36949.62441371784 16
36979.20039689935 17
37008.776380080875 10
37038.3523632624 15
37067.92834644391 18
37097.50432962543 13
37127.08031280695 20
37156.65629598846 13
37186.232279169984 17
37215.80826235151 15
37245.38424553302 20
37274.96022871454 18
37304.53621189606 10
37334.11219507758 4
37363.68817825909 14
37393.26416144062 18
37422.84014462214 13
37452.41612780365 12
37481.99211098517 10
37511.568094166694 12
37541.14407734821 15
37570.720060529726 12
37600.29604371125 13
37629.872026892765 9
37659.44801007428 7
37689.0239932558 10
37718.59997643733 10
37748.175959618835 11
37777.75194280036 13
37807.32792598188 14
37836.9039091634 10
37866.47989234491 6
37896.055875526436 7
37925.63185870795 9
37955.20784188947 9
37984.78382507099 2
38014.35980825251 9
38043.93579143402 8
38073.511774615545 7
38103.08775779707 12
38132.66374097858 6
38162.2397241601 7
38191.81570734162 8
38221.39169052314 3
38250.967673704654 10
38280.54365688618 11
38310.1196400677 5
38339.69562324921 8
38369.27160643073 4
38398.847589612255 6
38428.42357279377 5
38457.999555975286 11
38487.57553915681 7
38517.151522338325 9
38546.72750551984 8
38576.303488701364 8
38605.87947188289 1
38635.455455064395 4
38665.03143824592 5
38694.60742142744 5
38724.18340460896 4
38753.75938779047 4
38783.335370971996 6
38812.91135415351 8
38842.48733733503 6
38872.06332051655 6
38901.63930369807 4
38931.21528687958 3
38960.791270061105 8
38990.36725324263 3
39019.943236424144 6
39049.51921960566 6
39079.09520278718 3
39108.6711859687 1
39138.247169150214 5
39167.82315233174 4
39197.39913551325 1
39226.97511869477 4
39256.55110187629 4
39286.127085057815 3
39315.70306823932 5
39345.27905142085 8
39374.85503460237 7
39404.431017783885 3
39434.0070009654 1
39463.582984146924 7
39493.15896732844 7
39522.734950509956 3
39552.31093369148 6
39581.886916873 5
39611.46290005451 3
39641.03888323603 3
39670.614866417556 2
39700.19084959907 3
39729.76683278059 3
39759.34281596211 2
39788.91879914363 3
39818.49478232514 4
39848.070765506665 4
39877.64674868819 1
39907.2227318697 6
39936.79871505122 3
39966.37469823274 4
39995.95068141426 3
40025.526664595774 4
40055.1026477773 2
40084.67863095881 5
40114.25461414033 5
40143.83059732185 1
40173.406580503375 2
40202.982563684884 4
40232.55854686641 3
40262.13453004793 7
40291.710513229445 3
40321.28649641096 6
40350.862479592484 2
40380.438462774 3
40410.014445955516 3
40439.59042913704 2
40469.16641231856 4
40498.74239550007 1
40528.31837868159 6
40557.89436186312 3
40587.47034504463 3
40617.04632822615 4
40646.62231140767 3
40676.19829458919 1
40705.7742777707 2
40735.350260952226 4
40764.92624413375 5
40794.50222731526 0
40824.07821049678 1
40853.6541936783 1
40883.23017685982 4
40912.806160041335 5
40942.38214322286 3
40971.95812640437 3
41001.53410958589 7
41031.11009276741 3
41060.686075948935 1
41090.262059130444 3
41119.83804231197 3
41149.41402549349 4
41178.990008675 2
41208.56599185652 6
41238.141975038045 4
41267.71795821956 7
41297.293941401076 2
41326.8699245826 7
41356.445907764115 3
41386.02189094563 2
41415.597874127154 1
41445.17385730868 2
41474.749840490185 2
41504.32582367171 3
41533.90180685323 1
41563.47779003475 1
41593.05377321626 2
41622.629756397786 3
41652.2057395793 2
41681.78172276082 0
41711.35770594234 4
41740.93368912386 1
41770.50967230537 2
41800.085655486895 2
41829.66163866842 2
41859.237621849934 4
41888.81360503145 6
41918.38958821297 2
41947.96557139449 3
41977.541554576004 2
42007.11753775753 5
42036.69352093905 4
42066.26950412056 3
42095.84548730208 0
42125.421470483605 1
42154.99745366512 3
42184.57343684664 8
42214.14942002816 4
42243.725403209675 2
42273.30138639119 2
42302.877369572714 3
42332.45335275424 4
42362.029335935746 4
42391.60531911727 5
42421.18130229879 2
42450.75728548031 1
42480.33326866182 6
42509.909251843346 3
42539.48523502486 4
42569.06121820638 5
42598.6372013879 1
42628.213184569424 4
42657.78916775093 3
42687.365150932455 4
42716.94113411398 4
42746.517117295494 5
42776.09310047701 2
42805.66908365853 5
42835.24506684005 2
42864.821050021565 5
42894.39703320309 5
42923.97301638461 3
42953.54899956612 2
42983.12498274764 4
43012.700965929165 9
43042.276949110674 4
43071.8529322922 2
43101.42891547372 8
43131.004898655236 9
43160.58088183675 3
43190.156865018274 1
43219.73284819979 3
43249.308831381306 4
43278.88481456283 2
43308.46079774435 6
43338.03678092586 4
43367.61276410738 2
43397.18874728891 4
43426.76473047042 5
43456.34071365194 1
43485.91669683346 2
43515.49268001498 6
43545.06866319649 5
43574.644646378016 3
43604.22062955954 4
43633.79661274105 4
43663.37259592257 4
43692.94857910409 3
43722.52456228561 1
43752.100545467125 3
43781.67652864865 5
43811.252511830164 6
43840.82849501168 3
43870.4044781932 7
43899.980461374726 3
43929.556444556234 2
43959.13242773776 3
43988.70841091928 1
44018.284394100796 2
44047.86037728231 1
44077.436360463835 5
44107.01234364535 1
44136.588326826866 3
44166.16431000839 3
44195.74029318991 4
44225.31627637142 1
44254.892259552944 1
44284.46824273447 4
44314.04422591598 6
44343.6202090975 2
44373.19619227902 0
44402.77217546054 6
44432.34815864205 3
44461.924141823576 4
44491.5001250051 2
44521.07610818661 2
44550.65209136813 3
44580.228074549654 5
44609.80405773117 1
44639.380040912685 2
44668.95602409421 3
44698.532007275724 1
44728.10799045724 4
44757.68397363876 1
44787.259956820286 2
44816.835940001794 3
44846.41192318332 2
44875.98790636484 2
44905.563889546356 3
44935.13987272787 2
44964.715855909395 5
44994.29183909091 1
45023.86782227243 1
45053.44380545395 1
45083.019788635465 4
45112.59577181698 1
45142.171754998504 3
45171.74773818003 3
45201.323721361536 3
45230.89970454306 1
45260.47568772458 2
45290.0516709061 2
45319.62765408761 2
45349.20363726914 4
45378.77962045065 2
45408.35560363217 1
45437.93158681369 3
45467.507569995214 1
45497.08355317672 2
45526.659536358246 2
45556.23551953977 2
45585.811502721284 1
45615.3874859028 0
45644.96346908432 2
45674.53945226584 3
45704.115435447355 3
45733.69141862888 3
45763.2674018104 3
45792.84338499191 3
45822.41936817343 1
45851.995351354955 3
45881.57133453647 4
45911.14731771799 3
45940.72330089951 2
45970.299284081026 5
45999.87526726254 1
46029.451250444064 0
46059.02723362559 3
46088.603216807096 2
46118.17919998862 3
46147.75518317014 3
46177.33116635166 2
46206.907149533174 2
46236.4831327147 2
46266.05911589621 3
46295.63509907773 2
46325.21108225925 3
46354.787065440774 0
46384.36304862228 4
46413.939031803806 3
46443.51501498533 1
46473.090998166845 2
46502.66698134836 0
46532.24296452988 1
46561.8189477114 2
46591.394930892915 0
46620.97091407444 2
46650.54689725596 2
46680.12288043747 1
46709.69886361899 4
46739.274846800516 0
46768.85082998203 0
46798.42681316355 3
46828.00279634507 0
46857.578779526586 1
46887.1547627081 5
46916.730745889625 1
46946.30672907114 0
46975.882712252656 1
47005.45869543418 6
47035.0346786157 1
47064.61066179721 2
47094.186644978734 3
47123.76262816026 2
47153.33861134177 0
47182.91459452329 2
47212.49057770481 0
47242.06656088633 2
47271.64254406784 3
47301.218527249366 1
47330.79451043089 1
47360.3704936124 0
47389.94647679392 0
47419.522459975444 1
47449.09844315696 0
47478.674426338475 0
47508.25040952 1
47537.826392701514 1
47567.40237588303 1
47596.97835906455 1
47626.554342246076 0
47656.130325427584 1
47685.70630860911 0
47715.28229179063 0
47744.858274972146 1
47774.43425815366 1
47804.010241335185 0
47833.5862245167 0
47863.16220769822 2
47892.73819087974 1
47922.31417406126 1
47951.89015724277 0
47981.466140424294 2
48011.04212360582 2
48040.61810678733 2
48070.19408996885 1
48099.77007315037 1
48129.34605633189 1
48158.9220395134 1
48188.49802269493 2
48218.07400587645 5
48247.64998905796 1
48277.22597223948 0
48306.801955421004 0
48336.37793860252 0
48365.953921784036 2
48395.52990496556 2
48425.105888147074 1
48454.68187132859 0
48484.25785451011 1
48513.833837691636 1
48543.409820873145 3
48572.98580405467 1
48602.56178723619 0
48632.13777041771 2
48661.71375359922 0
48691.289736780745 0
48720.86571996226 0
48750.44170314378 1
48780.0176863253 1
48809.59366950682 1
48839.16965268833 1
48868.745635869855 1
48898.32161905138 0
48927.897602232886 0
48957.47358541441 0
48987.04956859593 1
49016.62555177745 0
49046.201534958964 1
49075.77751814049 1
49105.353501322 1
49134.92948450352 0
49164.50546768504 0
49194.081450866564 1
49223.65743404807 2
49253.233417229596 3
49282.80940041112 0
49312.385383592635 1
49341.96136677415 0
49371.53734995567 2
49401.11333313719 0
49430.689316318705 1
49460.26529950023 1
49489.84128268175 1
49519.41726586326 0
49548.99324904478 2
49578.569232226306 1
49608.14521540782 1
49637.72119858934 1
49667.29718177086 0
49696.873164952376 2
49726.44914813389 0
49756.025131315415 0
49785.60111449694 1
49815.17709767845 2
49844.75308085997 2
49874.32906404149 0
49903.90504722301 1
49933.481030404524 2
49963.05701358605 1
49992.63299676756 1
50022.20897994908 0
50051.7849631306 3
50081.360946312125 1
50110.93692949363 2
50140.512912675156 2
50170.08889585668 1
50199.664879038195 2
50229.24086221971 2
50258.816845401234 2
50288.39282858275 0
50317.968811764265 1
50347.54479494579 2
50377.12077812731 0
50406.69676130882 1
50436.27274449034 1
50465.848727671866 2
50495.42471085338 2
50525.0006940349 1
50554.57667721642 2
50584.15266039794 0
50613.72864357945 1
50643.304626760975 1
50672.8806099425 2
50702.45659312401 2
50732.03257630553 3
50761.60855948705 2
50791.18454266857 0
50820.760525850084 3
50850.33650903161 1
50879.91249221312 1
50909.48847539464 1
50939.06445857616 3
50968.64044175768 1
50998.21642493919 1
51027.79240812072 1
51057.36839130224 1
51086.94437448375 0
51116.52035766527 0
51146.096340846794 2
51175.67232402831 0
51205.248307209826 1
51234.82429039135 1
51264.400273572865 1
51293.97625675438 1
51323.5522399359 2
51353.12822311743 1
51382.704206298935 2
51412.28018948046 2
51441.85617266198 4
51471.4321558435 1
51501.00813902501 1
51530.584122206536 0
51560.16010538805 1
51589.73608856957 1
51619.31207175109 1
51648.88805493261 1
51678.46403811412 1
51708.040021295645 1
51737.61600447717 0
51767.19198765868 2
51796.7679708402 2
51826.34395402172 1
51855.91993720324 0
51885.495920384754 0
51915.07190356628 1
51944.6478867478 4
51974.22386992931 1
52003.79985311083 2
52033.375836292355 2
52062.95181947387 3
52092.527802655386 1
52122.10378583691 5
52151.679769018425 0
52181.25575219994 3
52210.831735381464 1
52240.40771856299 2
52269.983701744495 1
52299.55968492602 0
52329.13566810754 0
52358.71165128906 1
52388.28763447057 2
52417.863617652096 1
52447.43960083361 0
52477.01558401513 3
52506.59156719665 2
52536.16755037817 2
52565.74353355968 1
52595.319516741205 2
52624.89549992273 1
52654.471483104244 0
52684.04746628576 2
52713.62344946728 3
52743.1994326488 2
52772.775415830314 2
52802.35139901184 2
52831.92738219335 0
52861.50336537487 0
52891.07934855639 3
52920.655331737915 3
52950.23131491942 1
52979.807298100946 3
53009.38328128247 0
53038.959264463985 1
53068.5352476455 2
53098.111230827024 0
53127.68721400854 1
53157.263197190056 2
53186.83918037158 1
53216.4151635531 1
53245.99114673461 1
53275.56712991613 3
53305.143113097656 0
53334.71909627917 2
53364.29507946069 1
53393.87106264221 0
53423.44704582373 2
53453.02302900524 2
53482.599012186765 1
53512.17499536829 1
53541.7509785498 0
53571.32696173132 1
53600.90294491284 2
53630.47892809436 0
53660.054911275874 0
53689.6308944574 2
53719.20687763891 1
53748.78286082043 1
53778.35884400195 0
53807.934827183475 0
53837.51081036498 2
53867.08679354651 1
53896.66277672803 2
53926.238759909545 3
53955.81474309106 2
53985.390726272584 1
54014.9667094541 3
54044.542692635616 4
54074.11867581714 0
54103.69465899866 2
54133.27064218017 1
54162.84662536169 3
54192.42260854322 1
54221.99859172473 1
54251.57457490625 2
54281.15055808777 1
54310.72654126929 1
54340.3025244508 2
54369.878507632326 0
54399.45449081385 3
54429.03047399536 1
54458.60645717688 3
54488.1824403584 2
54517.75842353992 2
54547.334406721435 1
54576.91038990296 0
54606.48637308447 0
54636.06235626599 1
54665.63833944751 3
54695.214322629035 0
54724.790305810544 0
54754.36628899207 0
54783.94227217359 2
54813.5182553551 2
54843.09423853662 3
54872.670221718145 1
54902.24620489966 1
54931.822188081176 1
54961.3981712627 0
54990.974154444215 2
55020.55013762573 1
55050.126120807254 3
55079.70210398878 3
55109.278087170285 0
55138.85407035181 2
55168.43005353333 2
55198.00603671485 1
55227.58201989636 1
55257.158003077886 2
55286.7339862594 0
55316.30996944092 1
55345.88595262244 1
55375.46193580396 1
55405.03791898547 1
55434.613902166995 0
55464.18988534852 3
55493.765868530034 0
55523.34185171155 0
55552.91783489307 0
55582.49381807459 1
55612.069801256104 0
55641.64578443763 3
55671.22176761915 1
55700.79775080066 1
55730.37373398218 2
55759.949717163705 1
55789.52570034522 3
55819.10168352674 0
55848.67766670826 3
55878.253649889775 0
55907.82963307129 1
55937.405616252814 1
55966.98159943434 1
55996.557582615846 1
56026.13356579737 3
56055.70954897889 1
56085.28553216041 1
56114.86151534192 0
56144.437498523446 1
56174.01348170496 1
56203.58946488648 1
56233.165448068 3
56262.741431249524 2
56292.31741443103 0
56321.893397612555 0
56351.46938079408 3
56381.045363975594 1
56410.62134715711 2
56440.19733033863 1
56469.77331352015 0
56499.349296701665 1
56528.92527988319 1
56558.50126306471 0
56588.07724624622 0
56617.65322942774 0
56647.229212609265 0
56676.805195790774 0
56706.3811789723 0
56735.95716215382 3
56765.533145335336 0
56795.10912851685 1
56824.685111698374 3
56854.26109487989 2
56883.837078061406 2
56913.41306124293 1
56942.98904442445 1
56972.56502760596 0
57002.14101078748 0
57031.71699396901 1
57061.29297715052 0
57090.86896033204 2
57120.44494351356 0
57150.02092669508 0
57179.59690987659 0
57209.172893058116 2
57238.74887623964 1
57268.32485942115 1
57297.90084260267 3
57327.47682578419 1
57357.05280896571 0
57386.628792147225 0
57416.20477532875 0
57445.780758510264 0
57475.35674169178 0
57504.9327248733 1
57534.508708054826 0
57564.084691236334 0
57593.66067441786 1
57623.23665759938 0
57652.812640780896 1
57682.38862396241 0
57711.964607143935 0
57741.54059032545 1
57771.116573506966 2
57800.69255668849 3
57830.26853987001 1
57859.84452305152 0
57889.420506233044 1
57918.99648941457 1
57948.57247259608 0
57978.1484557776 3
58007.72443895912 4
58037.30042214064 2
58066.87640532215 0
58096.452388503676 3
58126.0283716852 3
58155.60435486671 0
58185.18033804823 0
58214.756321229754 1
58244.33230441127 3
58273.908287592785 3
58303.48427077431 2
58333.060253955824 5
58362.63623713734 1
58392.21222031886 3
58421.788203500386 1
58451.364186681894 6
58480.94016986342 3
58510.51615304494 6
58540.092136226456 2
58569.66811940797 2
58599.244102589495 1
58628.82008577101 5
58658.39606895253 3
58687.97205213405 4
58717.548035315565 4
58747.12401849708 8
58776.700001678604 5
58806.27598486013 8
58835.851968041636 10
58865.42795122316 14
58895.00393440468 19
58924.5799175862 23
58954.15590076771 26
58983.73188394924 38
59013.30786713075 27
59042.88385031227 27
59072.45983349379 38
59102.035816675314 30
59131.61179985682 26
59161.187783038346 29
59190.76376621987 28
59220.339749401384 26
59249.9157325829 19
59279.49171576442 9
59309.06769894594 11
59338.643682127455 4
59368.21966530898 6
59397.7956484905 8
59427.37163167201 4
59456.94761485353 2
59486.523598035055 4
59516.09958121657 4
59545.67556439809 1
59575.25154757961 2
59604.827530761126 3
59634.40351394264 4
59663.979497124164 4
59693.55548030569 1
59723.131463487196 2
59752.70744666872 0
59782.28342985024 3
59811.85941303176 3
59841.43539621327 3
59871.0113793948 5
59900.58736257631 5
59930.16334575783 4
59959.73932893935 2
59989.315312120874 1
60018.89129530238 7
60048.467278483906 5
60078.04326166543 2
60107.619244846945 5
60137.19522802846 6
60166.77121120998 3
60196.3471943915 2
60225.923177573015 5
60255.49916075454 9
60285.07514393606 5
60314.65112711757 6
60344.22711029909 4
60373.803093480616 5
60403.37907666213 9
60432.95505984365 5
60462.53104302517 9
60492.107026206686 2
60521.6830093882 8
60551.258992569725 5
60580.83497575125 7
60610.410958932756 8
60639.98694211428 8
60669.5629252958 1
60699.13890847731 9
60728.714891658834 6
60758.29087484036 5
60787.86685802187 8
60817.44284120339 10
60847.01882438491 7
60876.59480756643 10
60906.17079074794 8
60935.746773929466 7
60965.32275711099 14
60994.8987402925 10
61024.47472347402 13
61054.050706655544 12
61083.62668983706 13
61113.202673018575 11
61142.7786562001 30
61172.354639381614 69
61201.93062256313 203
61231.50660574465 252
61261.082588926176 141
61290.658572107684 13
61320.23455528921 2
61349.81053847073 2
61379.386521652246 0
61408.96250483376 0
61438.538488015285 1
61468.1144711968 0
61497.69045437832 0
61527.26643755984 0
61556.84242074136 1
