# TIME: 181.10462764800002 s
# Channel Counts
1016.3293511976738 4026
1048.9637485070646 2571
1081.5981458164556 1586
1114.2325431258464 1118
1146.8669404352372 776
1179.5013377446282 553
1212.1357350540193 399
1244.77013236341 342
1277.404529672801 312
1310.038926982192 294
1342.673324291583 269
1375.3077216009738 264
1407.9421189103646 305
1440.5765162197554 285
1473.2109135291466 289
1505.8453108385374 306
1538.4797081479282 280
1571.114105457319 314
1603.7485027667103 327
1636.3829000761011 353
1669.017297385492 334
1701.6516946948827 349
1734.286092004274 356
1766.9204893136648 353
1799.5548866230556 366
1832.1892839324464 362
1864.8236812418372 356
1897.4580785512285 351
1930.0924758606193 374
1962.72687317001 358
1995.361270479401 378
2027.9956677887922 343
2060.630065098183 383
2093.264462407574 381
2125.8988597169646 350
2158.5332570263554 330
2191.1676543357466 373
2223.8020516451375 380
2256.4364489545283 379
2289.0708462639195 343
2321.7052435733103 367
2354.339640882701 349
2386.974038192092 338
2419.6084355014827 353
2452.242832810874 343
2484.877230120265 330
2517.5116274296556 349
2550.1460247390464 333
2582.7804220484377 314
2615.4148193578285 355
2648.0492166672193 335
2680.68361397661 306
2713.318011286001 304
2745.952408595392 314
2778.586805904783 350
2811.221203214174 299
2843.855600523565 294
2876.489997832956 326
2909.1243951423467 320
2941.7587924517375 325
2974.3931897611283 276
3007.0275870705195 305
3039.6619843799103 320
3072.296381689301 328
3104.930778998692 294
3137.5651763080828 288
3170.199573617474 311
3202.833970926865 276
3235.4683682362556 294
3268.1027655456464 261
3300.7371628550372 283
3333.3715601644285 311
3366.0059574738193 280
3398.64035478321 264
3431.2747520926014 283
3463.909149401992 288
3496.543546711383 277
3529.177944020774 290
3561.8123413301646 270
3594.446738639556 279
3627.0811359489467 268
3659.7155332583375 262
3692.3499305677283 281
3724.9843278771195 216
3757.6187251865103 256
3790.253122495901 248
3822.887519805292 251
3855.5219171146828 265
3888.156314424074 254
3920.790711733465 232
3953.4251090428556 239
3986.059506352247 261
4018.6939036616377 232
4051.3283009710285 218
4083.9626982804193 228
4116.59709558981 228
4149.231492899202 244
4181.865890208592 224
4214.500287517983 212
4247.134684827373 211
4279.769082136765 237
4312.403479446157 222
4345.037876755547 230
4377.672274064938 212
4410.306671374328 232
4442.94106868372 198
4475.57546599311 191
4508.209863302502 230
4540.844260611892 220
4573.478657921283 204
4606.113055230675 226
4638.747452540065 200
4671.381849849457 222
4704.016247158846 216
4736.650644468238 187
4769.285041777628 226
4801.91943908702 212
4834.553836396411 207
4867.188233705801 193
4899.822631015193 181
4932.457028324583 218
4965.091425633975 178
4997.725822943365 182
5030.360220252756 194
5062.994617562146 210
5095.629014871538 229
5128.26341218093 193
5160.89780949032 177
5193.532206799711 190
5226.166604109101 171
5258.801001418493 207
5291.435398727883 181
5324.0697960372745 205
5356.704193346666 196
5389.338590656056 191
5421.972987965448 197
5454.607385274838 184
5487.241782584229 168
5519.876179893619 179
5552.510577203011 176
5585.144974512402 169
5617.779371821793 179
5650.413769131184 177
5683.048166440574 174
5715.682563749966 172
5748.316961059356 155
5780.951358368748 165
5813.5857556781375 170
5846.220152987529 178
5878.85455029692 179
5911.488947606311 155
5944.123344915703 143
5976.757742225092 162
6009.392139534484 149
6042.026536843874 152
6074.660934153266 164
6107.295331462656 149
6139.929728772047 152
6172.564126081439 153
6205.198523390829 158
6237.832920700221 135
6270.467318009611 164
6303.101715319002 153
6335.736112628392 147
6368.370509937784 153
6401.004907247174 146
6433.639304556566 144
6466.273701865957 149
6498.908099175347 148
6531.542496484739 142
6564.176893794129 127
6596.8112911035205 127
6629.44568841291 125
6662.080085722302 111
6694.714483031693 128
6727.348880341084 112
6759.983277650475 114
6792.617674959865 146
6825.252072269257 134
6857.886469578647 90
6890.520866888039 107
6923.155264197429 104
6955.78966150682 118
6988.424058816211 101
7021.058456125602 123
7053.692853434994 124
7086.3272507443835 107
7118.961648053775 136
7151.596045363165 125
7184.230442672557 118
7216.864839981947 127
7249.499237291338 126
7282.133634600729 131
7314.76803191012 127
7347.402429219512 121
7380.036826528902 113
7412.671223838293 117
7445.305621147683 98
7477.940018457075 117
7510.574415766465 112
7543.208813075857 106
7575.843210385248 117
7608.477607694638 103
7641.11200500403 112
7673.74640231342 124
7706.3807996228115 105
7739.015196932201 123
7771.649594241593 107
7804.283991550983 111
7836.918388860375 87
7869.5527861697665 101
7902.187183479156 95
7934.821580788548 104
7967.455978097938 87
8000.09037540733 98
8032.72477271672 98
8065.359170026111 90
8097.993567335502 95
8130.627964644893 89
8163.262361954285 107
8195.896759263675 93
8228.531156573066 106
8261.165553882456 89
8293.799951191846 96
8326.434348501238 109
8359.06874581063 86
8391.70314312002 114
8424.337540429411 102
8456.971937738803 85
8489.606335048193 97
8522.240732357583 89
8554.875129666974 94
8587.509526976366 95
8620.143924285756 79
8652.778321595146 87
8685.41271890454 89
8718.04711621393 89
8750.68151352332 75
8783.31591083271 72
8815.950308142103 81
8848.584705451492 72
8881.219102760882 73
8913.853500070274 80
8946.487897379666 80
8979.122294689056 98
9011.756691998447 80
9044.39108930784 72
9077.025486617229 72
9109.659883926619 66
9142.29428123601 71
9174.928678545402 76
9207.563075854792 70
9240.197473164184 62
9272.831870473576 76
9305.466267782966 75
9338.100665092355 76
9370.735062401749 76
9403.369459711139 72
9436.003857020529 67
9468.63825432992 59
9501.272651639312 73
9533.907048948702 72
9566.541446258092 69
9599.175843567484 77
9631.810240876875 70
9664.444638186265 73
9697.079035495657 64
9729.713432805049 67
9762.347830114439 70
9794.982227423829 61
9827.61662473322 67
9860.251022042612 58
9892.885419352002 46
9925.519816661392 62
9958.154213970785 55
9990.788611280175 62
10023.423008589565 52
10056.057405898957 59
10088.691803208349 43
10121.326200517738 61
10153.960597827128 57
10186.594995136522 49
10219.229392445912 57
10251.863789755302 64
10284.498187064693 50
10317.132584374085 71
10349.766981683475 57
10382.401378992865 54
10415.035776302257 51
10447.670173611648 50
10480.304570921038 54
10512.93896823043 41
10545.573365539822 57
10578.207762849212 53
10610.842160158601 50
10643.476557467993 54
10676.110954777385 46
10708.745352086775 55
10741.379749396165 48
10774.014146705558 44
10806.648544014948 58
10839.282941324338 72
10871.91733863373 54
10904.551735943121 68
10937.186133252511 50
10969.820530561901 67
11002.454927871293 50
11035.089325180685 53
11067.723722490075 55
11100.358119799466 53
11132.992517108858 43
11165.626914418248 47
11198.261311727638 55
11230.89570903703 64
11263.530106346421 54
11296.164503655811 54
11328.798900965203 38
11361.433298274595 43
11394.067695583984 60
11426.702092893374 51
11459.336490202766 39
11491.970887512158 57
11524.605284821548 46
11557.239682130938 59
11589.874079440331 59
11622.508476749721 59
11655.14287405911 48
11687.777271368503 48
11720.411668677894 47
11753.046065987284 49
11785.680463296674 51
11818.314860606066 51
11850.949257915458 58
11883.583655224847 45
11916.21805253424 44
11948.85244984363 59
11981.48684715302 54
12014.12124446241 48
12046.755641771802 49
12079.390039081194 51
12112.024436390584 39
12144.658833699974 45
12177.293231009367 43
12209.927628318757 46
12242.562025628147 48
12275.196422937539 50
12307.83082024693 50
12340.46521755632 61
12373.09961486571 41
12405.734012175104 42
12438.368409484494 37
12471.002806793884 41
12503.637204103276 46
12536.271601412667 36
12568.905998722057 47
12601.540396031447 58
12634.174793340839 45
12666.80919065023 45
12699.44358795962 43
12732.077985269012 38
12764.712382578404 48
12797.346779887794 51
12829.981177197184 46
12862.615574506575 50
12895.249971815967 43
12927.884369125357 40
12960.518766434747 44
12993.15316374414 48
13025.78756105353 41
13058.42195836292 36
13091.056355672312 48
13123.690752981704 44
13156.325150291093 41
13188.959547600483 46
13221.593944909875 37
13254.228342219267 42
13286.862739528657 41
13319.497136838048 49
13352.13153414744 41
13384.76593145683 44
13417.40032876622 44
13450.034726075612 52
13482.669123385003 44
13515.303520694393 51
13547.937918003783 47
13580.572315313177 47
13613.206712622567 47
13645.841109931956 53
13678.475507241348 42
13711.10990455074 33
13743.74430186013 52
13776.37869916952 49
13809.013096478913 45
13841.647493788303 51
13874.281891097693 52
13906.916288407085 55
13939.550685716476 46
13972.185083025866 48
14004.819480335256 42
14037.453877644648 46
14070.08827495404 64
14102.72267226343 39
14135.357069572821 47
14167.991466882213 52
14200.625864191603 35
14233.260261500993 46
14265.894658810384 41
14298.529056119776 55
14331.163453429166 49
14363.797850738556 50
14396.43224804795 51
14429.06664535734 52
14461.70104266673 60
14494.335439976121 45
14526.969837285513 50
14559.604234594903 43
14592.238631904293 48
14624.873029213684 40
14657.507426523076 35
14690.141823832466 40
14722.776221141858 47
14755.41061845125 29
14788.04501576064 58
14820.67941307003 45
14853.31381037942 44
14885.948207688813 38
14918.582604998202 37
14951.217002307594 57
14983.851399616986 44
15016.485796926376 31
15049.120194235766 42
15081.754591545157 35
15114.38898885455 45
15147.023386163939 31
15179.657783473329 42
15212.292180782722 36
15244.926578092112 41
15277.560975401502 41
15310.195372710894 20
15342.829770020286 46
15375.464167329676 41
15408.098564639065 38
15440.732961948457 38
15473.367359257849 34
15506.001756567239 35
15538.63615387663 36
15571.270551186022 42
15603.904948495412 31
15636.539345804802 30
15669.173743114194 30
15701.808140423585 24
15734.442537732975 37
15767.076935042365 35
15799.711332351759 34
15832.345729661149 42
15864.980126970539 32
15897.61452427993 40
15930.248921589322 31
15962.883318898712 34
15995.517716208102 28
16028.152113517495 30
16060.786510826885 36
16093.420908136275 26
16126.055305445667 34
16158.689702755059 21
16191.324100064448 30
16223.958497373838 22
16256.59289468323 32
16289.227291992622 24
16321.861689302012 27
16354.496086611403 31
16387.130483920795 29
16419.764881230185 24
16452.399278539575 18
16485.033675848965 21
16517.668073158355 25
16550.30247046775 28
16582.936867777138 20
16615.57126508653 24
16648.20566239592 35
16680.84005970531 24
16713.4744570147 31
16746.10885432409 22
16778.743251633485 23
16811.377648942875 24
16844.012046252265 23
16876.646443561658 28
16909.280840871048 30
16941.915238180438 24
16974.549635489828 27
17007.18403279922 26
17039.81843010861 21
17072.452827418 22
17105.087224727395 25
17137.721622036785 23
17170.356019346174 24
17202.990416655564 19
17235.624813964958 23
17268.259211274348 32
17300.893608583738 24
17333.52800589313 23
17366.16240320252 24
17398.79680051191 20
17431.4311978213 23
17464.065595130694 13
17496.699992440084 26
17529.334389749478 29
17561.968787058868 23
17594.603184368258 24
17627.237581677648 31
17659.871978987037 18
17692.50637629643 21
17725.14077360582 20
17757.775170915214 22
17790.409568224604 25
17823.043965533994 19
17855.678362843384 31
17888.312760152774 23
17920.947157462168 26
17953.581554771557 29
17986.21595208095 15
18018.85034939034 25
18051.48474669973 23
18084.11914400912 19
18116.75354131851 23
18149.387938627904 19
18182.022335937294 19
18214.656733246684 12
18247.291130556077 16
18279.925527865467 25
18312.559925174857 24
18345.194322484247 21
18377.82871979364 27
18410.46311710303 29
18443.09751441242 23
18475.731911721814 26
18508.366309031204 23
18541.000706340594 22
18573.635103649984 21
18606.269500959377 20
18638.903898268767 26
18671.538295578157 24
18704.17269288755 25
18736.80709019694 23
18769.44148750633 20
18802.07588481572 23
18834.71028212511 21
18867.344679434504 14
18899.979076743894 18
18932.613474053287 15
18965.247871362677 15
18997.882268672067 27
19030.516665981457 19
19063.151063290847 28
19095.78546060024 19
19128.41985790963 15
19161.054255219024 21
19193.688652528414 18
19226.323049837803 26
19258.957447147193 15
19291.591844456583 18
19324.226241765977 18
19356.860639075367 21
19389.49503638476 16
19422.12943369415 14
19454.76383100354 20
19487.39822831293 13
19520.03262562232 25
19552.667022931713 18
19585.301420241103 21
19617.935817550493 27
19650.570214859887 16
19683.204612169277 26
19715.839009478666 21
19748.473406788056 21
19781.10780409745 27
19813.74220140684 20
19846.37659871623 16
19879.010996025623 16
19911.645393335013 18
19944.279790644403 24
19976.914187953793 10
20009.548585263186 33
20042.182982572576 21
20074.817379881966 20
20107.45177719136 25
20140.08617450075 15
20172.72057181014 22
20205.35496911953 27
20237.989366428923 31
20270.623763738313 9
20303.258161047703 21
20335.892558357096 17
20368.526955666486 15
20401.161352975876 15
20433.795750285266 23
20466.430147594656 16
20499.06454490405 18
20531.69894221344 19
20564.333339522833 22
20596.967736832223 20
20629.602134141613 21
20662.236531451003 20
20694.870928760392 13
20727.505326069786 19
20760.139723379176 16
20792.77412068857 22
20825.40851799796 20
20858.04291530735 14
20890.67731261674 20
20923.31170992613 17
20955.946107235523 22
20988.580504544912 8
21021.214901854302 22
21053.849299163696 16
21086.483696473086 22
21119.118093782476 24
21151.752491091866 14
21184.38688840126 16
21217.02128571065 15
21249.65568302004 21
21282.290080329432 19
21314.924477638822 19
21347.558874948212 19
21380.193272257602 12
21412.827669566996 18
21445.462066876386 21
21478.096464185775 19
21510.73086149517 25
21543.36525880456 20
21575.99965611395 17
21608.63405342334 15
21641.268450732732 18
21673.902848042122 27
21706.537245351512 30
21739.171642660905 13
21771.806039970295 20
21804.440437279685 20
21837.074834589075 17
21869.709231898465 26
21902.34362920786 20
21934.97802651725 13
21967.612423826642 26
22000.246821136032 26
22032.881218445422 21
22065.51561575481 15
22098.1500130642 21
22130.784410373595 25
22163.418807682985 17
22196.05320499238 21
22228.68760230177 19
22261.32199961116 13
22293.95639692055 25
22326.59079422994 23
22359.22519153933 11
22391.85958884872 10
22424.49398615811 16
22457.128383467505 22
22489.762780776895 15
22522.397178086285 29
22555.031575395675 25
22587.66597270507 21
22620.300370014458 28
22652.934767323848 24
22685.56916463324 15
22718.20356194263 23
22750.83795925202 21
22783.47235656141 25
22816.106753870805 26
22848.741151180195 26
22881.375548489585 26
22914.009945798978 14
22946.644343108368 19
22979.278740417758 23
23011.913137727148 26
23044.54753503654 21
23077.18193234593 13
23109.81632965532 20
23142.450726964715 17
23175.085124274105 12
23207.719521583494 17
23240.353918892884 17
23272.988316202274 25
23305.622713511668 12
23338.257110821058 27
23370.89150813045 23
23403.52590543984 16
23436.16030274923 20
23468.79470005862 12
23501.42909736801 16
23534.063494677404 19
23566.697891986794 18
23599.332289296188 15
23631.966686605578 16
23664.601083914968 17
23697.235481224357 13
23729.869878533747 18
23762.50427584314 16
23795.13867315253 16
23827.773070461924 24
23860.407467771314 16
23893.041865080704 21
23925.676262390094 13
23958.310659699484 16
23990.945057008877 9
24023.579454318267 21
24056.213851627657 11
24088.84824893705 24
24121.48264624644 17
24154.11704355583 14
24186.75144086522 18
24219.385838174614 14
24252.020235484004 18
24284.654632793394 15
24317.289030102787 22
24349.923427412177 15
24382.557824721567 16
24415.192222030957 11
24447.82661934035 17
24480.46101664974 9
24513.09541395913 16
24545.729811268524 16
24578.364208577914 18
24610.998605887304 15
24643.633003196694 12
24676.267400506084 17
24708.901797815477 13
24741.536195124867 9
24774.17059243426 13
24806.80498974365 10
24839.43938705304 18
24872.07378436243 15
24904.70818167182 18
24937.342578981214 14
24969.976976290603 16
25002.611373599997 16
25035.245770909387 13
25067.880168218777 12
25100.514565528167 19
25133.148962837557 15
25165.78336014695 18
25198.41775745634 15
25231.052154765734 10
25263.686552075123 12
25296.320949384513 14
25328.955346693903 9
25361.589744003293 12
25394.224141312687 13
25426.858538622077 12
25459.492935931466 11
25492.12733324086 11
25524.76173055025 14
25557.39612785964 22
25590.03052516903 12
25622.664922478423 7
25655.299319787813 17
25687.933717097203 13
25720.568114406597 14
25753.202511715986 15
25785.836909025376 17
25818.471306334766 11
25851.10570364416 13
25883.74010095355 12
25916.37449826294 13
25949.008895572333 18
25981.643292881723 9
26014.277690191113 12
26046.912087500503 8
26079.546484809893 13
26112.180882119286 10
26144.815279428676 8
26177.44967673807 11
26210.08407404746 11
26242.71847135685 9
26275.35286866624 13
26307.98726597563 20
26340.621663285023 16
26373.256060594413 15
26405.890457903806 17
26438.524855213196 8
26471.159252522586 12
26503.793649831976 13
26536.428047141366 13
26569.06244445076 17
26601.69684176015 13
26634.331239069543 10
26666.965636378933 13
26699.600033688323 12
26732.234430997712 9
26764.868828307102 14
26797.503225616496 12
26830.137622925886 14
26862.772020235276 11
26895.40641754467 10
26928.04081485406 15
26960.67521216345 13
26993.30960947284 13
27025.944006782232 9
27058.578404091622 10
27091.212801401012 5
27123.847198710406 10
27156.481596019796 12
27189.115993329186 9
27221.750390638575 7
27254.38478794797 9
27287.01918525736 12
27319.65358256675 8
27352.287979876142 12
27384.922377185532 11
27417.556774494922 14
27450.191171804312 8
27482.825569113706 17
27515.459966423095 12
27548.094363732485 8
27580.72876104188 12
27613.36315835127 15
27645.99755566066 7
27678.63195297005 10
27711.26635027944 12
27743.900747588832 16
27776.535144898222 11
27809.169542207615 12
27841.803939517005 5
27874.438336826395 9
27907.072734135785 14
27939.707131445175 10
27972.34152875457 10
28004.97592606396 16
28037.610323373352 9
28070.244720682742 10
28102.87911799213 12
28135.51351530152 5
28168.14791261091 16
28200.782309920305 13
28233.416707229695 13
28266.051104539085 14
28298.68550184848 16
28331.31989915787 19
28363.95429646726 8
28396.588693776648 18
28429.22309108604 16
28461.85748839543 9
28494.49188570482 11
28527.126283014215 10
28559.760680323605 5
28592.395077632995 15
28625.029474942385 7
28657.66387225178 19
28690.298269561168 13
28722.932666870558 11
28755.56706417995 12
28788.20146148934 10
28820.83585879873 12
28853.47025610812 5
28886.104653417515 10
28918.739050726905 6
28951.373448036295 7
28984.007845345688 9
29016.642242655078 15
29049.276639964468 8
29081.911037273858 9
29114.545434583248 12
29147.17983189264 9
29179.81422920203 8
29212.448626511425 11
29245.083023820815 4
29277.717421130204 9
29310.351818439594 8
29342.986215748984 11
29375.620613058378 13
29408.255010367768 12
29440.88940767716 9
29473.52380498655 10
29506.15820229594 8
29538.79259960533 9
29571.42699691472 12
29604.061394224114 4
29636.695791533504 11
29669.330188842898 12
29701.964586152288 15
29734.598983461678 5
29767.233380771067 8
29799.867778080457 7
29832.50217538985 10
29865.13657269924 9
29897.77097000863 9
29930.405367318024 8
29963.039764627414 8
29995.674161936804 8
30028.308559246194 9
30060.942956555587 5
30093.577353864977 11
30126.211751174367 11
30158.84614848376 7
30191.48054579315 11
30224.11494310254 10
30256.74934041193 12
30289.383737721324 9
30322.018135030714 4
30354.652532340104 14
30387.286929649497 5
30419.921326958887 12
30452.555724268277 4
30485.190121577667 11
30517.824518887057 5
30550.45891619645 5
30583.09331350584 8
30615.727710815234 10
30648.362108124624 11
30680.996505434014 7
30713.630902743404 4
30746.265300052793 5
30778.899697362187 8
30811.534094671577 9
30844.16849198097 7
30876.80288929036 13
30909.43728659975 5
30942.07168390914 6
30974.70608121853 7
31007.340478527924 12
31039.974875837313 8
31072.609273146707 10
31105.243670456097 5
31137.878067765487 12
31170.512465074877 8
31203.146862384267 8
31235.78125969366 9
31268.41565700305 12
31301.05005431244 5
31333.684451621833 6
31366.318848931223 7
31398.953246240613 12
31431.587643550003 8
31464.222040859397 7
31496.856438168787 7
31529.490835478176 9
31562.12523278757 6
31594.75963009696 8
31627.39402740635 11
31660.02842471574 12
31692.662822025133 11
31725.297219334523 7
31757.931616643913 5
31790.566013953307 9
31823.200411262696 8
31855.834808572086 4
31888.469205881476 5
31921.103603190866 5
31953.73800050026 12
31986.37239780965 13
32019.006795119043 10
32051.641192428433 8
32084.275589737823 8
32116.909987047213 7
32149.544384356603 5
32182.178781665996 6
32214.813178975386 12
32247.44757628478 8
32280.08197359417 2
32312.71637090356 9
32345.35076821295 5
32377.98516552234 6
32410.619562831733 8
32443.253960141123 12
32475.888357450516 7
32508.522754759906 2
32541.157152069296 9
32573.791549378686 11
32606.425946688076 3
32639.06034399747 10
32671.69474130686 8
32704.32913861625 13
32736.963535925643 9
32769.59793323503 9
32802.23233054442 13
32834.86672785381 9
32867.5011251632 10
32900.13552247259 12
32932.76991978198 6
32965.40431709138 15
32998.03871440077 4
33030.67311171016 9
33063.30750901955 10
33095.94190632894 4
33128.57630363833 8
33161.21070094772 8
33193.84509825711 12
33226.479495566506 18
33259.113892875896 11
33291.748290185285 7
33324.382687494675 15
33357.017084804065 13
33389.651482113455 13
33422.28587942285 12
33454.92027673224 10
33487.55467404163 7
33520.18907135102 12
33552.82346866041 5
33585.4578659698 15
33618.09226327919 8
33650.72666058858 12
33683.36105789798 11
33715.99545520737 10
33748.62985251676 13
33781.26424982615 16
33813.89864713554 16
33846.533044444936 17
33879.167441754325 14
33911.801839063715 11
33944.436236373105 14
33977.070633682495 14
34009.705030991885 19
34042.339428301275 17
34074.973825610665 18
34107.60822292006 11
34140.24262022945 13
34172.87701753884 10
34205.51141484823 21
34238.14581215762 14
34270.78020946701 26
34303.41460677641 15
34336.0490040858 15
34368.68340139519 26
34401.31779870458 17
34433.95219601397 16
34466.58659332336 17
34499.22099063275 15
34531.85538794214 18
34564.489785251535 21
34597.124182560925 15
34629.758579870315 19
34662.392977179705 13
34695.027374489095 28
34727.661771798485 17
34760.29616910788 23
34792.93056641727 19
34825.56496372666 21
34858.19936103605 14
34890.83375834544 15
34923.46815565483 17
34956.10255296422 19
34988.73695027361 16
35021.37134758301 17
35054.0057448924 27
35086.64014220179 19
35119.27453951118 29
35151.90893682057 22
35184.54333412996 22
35217.17773143935 34
35249.812128748745 26
35282.446526058135 23
35315.080923367525 22
35347.715320676914 17
35380.349717986304 25
35412.984115295694 15
35445.618512605084 24
35478.252909914474 28
35510.88730722387 26
35543.52170453326 14
35576.15610184265 27
35608.79049915204 23
35641.42489646143 24
35674.05929377082 21
35706.69369108022 17
35739.32808838961 21
35771.962485699 13
35804.59688300839 21
35837.23128031778 28
35869.86567762717 23
35902.50007493656 17
35935.13447224595 13
35967.768869555344 15
36000.403266864734 21
36033.037664174124 27
36065.672061483514 25
36098.306458792904 19
36130.940856102294 11
36163.57525341169 19
36196.20965072108 21
36228.84404803047 16
36261.47844533986 18
36294.11284264925 17
36326.74723995864 16
36359.38163726803 19
36392.01603457742 22
36424.65043188682 17
36457.28482919621 19
36489.9192265056 15
36522.55362381499 14
36555.18802112438 20
36587.82241843377 12
36620.45681574316 19
36653.091213052554 23
36685.725610361944 17
36718.360007671334 11
36750.99440498072 16
36783.62880229011 13
36816.2631995995 17
36848.89759690889 19
36881.53199421828 17
36914.16639152768 11
36946.80078883707 19
36979.43518614646 8
37012.06958345585 23
37044.70398076524 16
37077.33837807463 17
37109.97277538403 21
37142.60717269342 10
37175.24157000281 18
37207.8759673122 16
37240.51036462159 18
37273.14476193098 11
37305.77915924037 13
37338.413556549756 16
37371.04795385915 8
37403.68235116854 12
37436.31674847793 16
37468.95114578732 12
37501.58554309671 13
37534.2199404061 10
37566.8543377155 14
37599.48873502489 14
37632.12313233428 10
37664.75752964367 15
37697.39192695306 12
37730.02632426245 14
37762.66072157184 9
37795.29511888123 8
37827.92951619063 18
37860.56391350002 11
37893.19831080941 13
37925.832708118796 8
37958.467105428186 5
37991.101502737576 5
38023.73590004697 11
38056.37029735636 5
38089.00469466575 8
38121.63909197514 8
38154.27348928453 11
38186.90788659392 5
38219.54228390331 7
38252.1766812127 6
38284.81107852209 9
38317.44547583149 6
38350.07987314088 10
38382.71427045027 7
38415.34866775966 13
38447.98306506905 5
38480.61746237844 4
38513.251859687836 9
38545.886256997226 8
38578.520654306616 7
38611.155051616006 1
38643.789448925396 4
38676.423846234786 7
38709.058243544176 5
38741.692640853566 4
38774.32703816296 7
38806.96143547235 7
38839.59583278174 4
38872.23023009113 4
38904.86462740052 9
38937.49902470991 3
38970.13342201931 7
39002.7678193287 11
39035.40221663809 5
39068.03661394748 8
39100.67101125687 6
39133.30540856626 3
39165.93980587565 5
39198.57420318504 5
39231.208600494436 3
39263.842997803826 3
39296.477395113216 5
39329.111792422606 2
39361.746189731995 3
39394.380587041385 4
39427.01498435078 1
39459.64938166017 1
39492.28377896956 4
39524.91817627895 5
39557.55257358834 1
39590.18697089773 6
39622.82136820712 3
39655.45576551651 4
39688.0901628259 6
39720.7245601353 8
39753.35895744469 1
39785.99335475408 2
39818.62775206347 7
39851.26214937286 6
39883.89654668225 4
39916.530943991645 5
39949.165341301035 3
39981.799738610425 5
40014.434135919815 1
40047.068533229205 3
40079.702930538595 5
40112.337327847985 2
40144.971725157375 1
40177.60612246677 3
40210.24051977616 2
40242.87491708555 5
40275.50931439494 3
40308.14371170433 2
40340.77810901372 4
40373.41250632312 3
40406.04690363251 3
40438.6813009419 4
40471.31569825129 6
40503.95009556068 5
40536.58449287007 1
40569.21889017946 5
40601.85328748885 2
40634.487684798245 1
40667.122082107635 8
40699.756479417025 2
40732.390876726415 3
40765.025274035805 1
40797.659671345195 4
40830.29406865459 1
40862.92846596398 5
40895.56286327337 4
40928.19726058276 1
40960.83165789215 2
40993.46605520154 3
41026.10045251093 2
41058.73484982032 6
41091.36924712971 2
41124.00364443911 3
41156.6380417485 6
41189.27243905789 4
41221.90683636728 3
41254.54123367667 4
41287.17563098606 3
41319.810028295455 5
41352.444425604845 6
41385.078822914234 3
41417.713220223624 2
41450.347617533014 4
41482.982014842404 2
41515.616412151794 6
41548.250809461184 4
41580.88520677058 5
41613.51960407997 5
41646.15400138936 2
41678.78839869875 5
41711.42279600814 4
41744.05719331753 0
41776.69159062693 6
41809.32598793632 6
41841.96038524571 5
41874.5947825551 4
41907.22917986449 5
41939.86357717388 5
41972.49797448327 0
42005.13237179266 2
42037.766769102054 2
42070.401166411444 4
42103.035563720834 3
42135.669961030224 5
42168.304358339614 5
42200.938755649004 4
42233.5731529584 3
42266.20755026779 5
42298.84194757718 2
42331.47634488657 4
42364.11074219596 3
42396.74513950535 6
42429.37953681474 3
42462.01393412413 6
42494.64833143352 7
42527.28272874292 3
42559.91712605231 6
42592.5515233617 3
42625.18592067109 2
42657.82031798048 5
42690.45471528987 2
42723.089112599264 5
42755.723509908654 5
42788.357907218044 1
42820.99230452743 2
42853.62670183682 5
42886.26109914621 3
42918.8954964556 5
42951.52989376499 4
42984.16429107439 0
43016.79868838378 4
43049.43308569317 4
43082.06748300256 2
43114.70188031195 3
43147.33627762134 5
43179.97067493074 3
43212.60507224013 5
43245.23946954952 4
43277.87386685891 3
43310.5082641683 4
43343.14266147769 4
43375.77705878708 7
43408.411456096466 6
43441.04585340586 6
43473.68025071525 4
43506.31464802464 4
43538.94904533403 2
43571.58344264342 5
43604.21783995281 4
43636.85223726221 5
43669.4866345716 6
43702.12103188099 4
43734.75542919038 4
43767.38982649977 2
43800.02422380916 2
43832.65862111855 7
43865.29301842794 8
43897.92741573733 4
43930.56181304673 4
43963.196210356116 3
43995.830607665506 3
44028.465004974896 3
44061.099402284286 4
44093.733799593676 3
44126.36819690307 7
44159.00259421246 1
44191.63699152185 4
44224.27138883124 3
44256.90578614063 4
44289.54018345002 2
44322.17458075941 3
44354.8089780688 3
44387.4433753782 6
44420.07777268759 3
44452.71216999698 3
44485.34656730637 2
44517.98096461576 1
44550.61536192515 2
44583.249759234546 1
44615.884156543936 0
44648.518553853326 0
44681.152951162716 2
44713.787348472106 3
44746.421745781496 5
44779.056143090886 3
44811.690540400275 2
44844.32493770967 4
44876.95933501906 1
44909.59373232845 0
44942.22812963784 1
44974.86252694723 3
45007.49692425662 4
45040.13132156602 2
45072.76571887541 0
45105.4001161848 3
45138.03451349419 2
45170.66891080358 2
45203.30330811297 1
45235.93770542236 1
45268.57210273175 5
45301.206500041146 4
45333.840897350536 0
45366.475294659926 3
45399.109691969315 3
45431.744089278705 4
45464.378486588095 1
45497.012883897485 4
45529.64728120688 1
45562.28167851627 3
45594.91607582566 3
45627.55047313505 2
45660.18487044444 2
45692.81926775383 2
45725.45366506322 2
45758.08806237261 3
45790.72245968201 1
45823.3568569914 2
45855.99125430079 5
45888.62565161018 4
45921.26004891957 2
45953.89444622896 2
45986.528843538355 2
46019.163240847745 1
46051.797638157135 2
46084.432035466525 0
46117.066432775915 4
46149.700830085305 1
46182.335227394695 1
46214.969624704085 1
46247.60402201348 4
46280.23841932287 4
46312.87281663226 1
46345.50721394165 3
46378.14161125104 0
46410.77600856043 1
46443.41040586983 2
46476.04480317922 2
46508.67920048861 0
46541.313597798 4
46573.94799510739 0
46606.58239241678 2
46639.21678972617 3
46671.85118703556 1
46704.485584344955 2
46737.119981654345 1
46769.754378963735 5
46802.388776273125 1
46835.023173582515 1
46867.657570891904 2
46900.291968201294 0
46932.92636551069 0
46965.56076282008 0
46998.19516012947 2
47030.82955743886 0
47063.46395474825 4
47096.09835205764 1
47128.73274936703 3
47161.36714667642 2
47194.00154398582 2
47226.63594129521 2
47259.2703386046 3
47291.90473591399 2
47324.53913322338 0
47357.17353053277 0
47389.807927842165 1
47422.442325151555 0
47455.076722460944 0
47487.711119770334 2
47520.345517079724 0
47552.979914389114 1
47585.614311698504 0
47618.248709007894 1
47650.88310631729 1
47683.51750362668 1
47716.15190093607 1
47748.78629824546 1
47781.42069555485 1
47814.05509286424 0
47846.68949017364 2
47879.32388748303 1
47911.95828479242 2
47944.59268210181 1
47977.2270794112 1
48009.86147672059 2
48042.49587402998 0
48075.13027133937 1
48107.764668648764 1
48140.399065958154 0
48173.033463267544 3
48205.667860576934 1
48238.302257886324 0
48270.936655195714 1
48303.5710525051 1
48336.2054498145 0
48368.83984712389 2
48401.47424443328 2
48434.10864174267 1
48466.74303905206 0
48499.37743636145 0
48532.01183367084 1
48564.64623098023 1
48597.28062828963 1
48629.91502559902 2
48662.54942290841 0
48695.1838202178 1
48727.81821752719 1
48760.45261483658 2
48793.087012145974 1
48825.721409455364 3
48858.355806764754 1
48890.99020407414 0
48923.62460138353 1
48956.25899869292 0
48988.89339600231 1
49021.5277933117 0
49054.1621906211 2
49086.79658793049 1
49119.43098523988 1
49152.06538254927 1
49184.69977985866 2
49217.33417716805 1
49249.96857447745 1
49282.60297178684 0
49315.23736909623 3
49347.87176640562 3
49380.50616371501 1
49413.1405610244 3
49445.774958333786 1
49478.409355643176 1
49511.04375295257 1
49543.67815026196 0
49576.31254757135 0
49608.94694488074 2
49641.58134219013 0
49674.21573949952 0
49706.85013680891 2
49739.48453411831 1
49772.1189314277 2
49804.75332873709 2
49837.38772604648 2
49870.02212335587 3
49902.65652066526 0
49935.29091797465 1
49967.92531528404 1
50000.55971259344 1
50033.194109902826 1
50065.828507212216 0
50098.462904521606 0
50131.097301830996 0
50163.731699140386 1
50196.36609644978 2
50229.00049375917 1
50261.63489106856 0
50294.26928837795 2
50326.90368568734 0
50359.53808299673 2
50392.17248030612 1
50424.80687761551 0
50457.44127492491 3
50490.0756722343 1
50522.71006954369 2
50555.34446685308 1
50587.97886416247 4
50620.61326147186 0
50653.247658781256 1
50685.882056090646 1
50718.516453400036 1
50751.150850709426 1
50783.785248018816 0
50816.419645328206 1
50849.054042637596 3
50881.688439946985 0
50914.32283725638 1
50946.95723456577 2
50979.59163187516 1
51012.22602918455 2
51044.86042649394 5
51077.49482380333 1
51110.12922111272 2
51142.76361842212 1
51175.39801573151 1
51208.0324130409 1
51240.66681035029 1
51273.30120765968 0
51305.93560496907 0
51338.57000227846 4
51371.20439958785 2
51403.838796897246 2
51436.473194206636 3
51469.107591516025 1
51501.741988825415 1
51534.376386134805 2
51567.010783444195 1
51599.64518075359 1
51632.27957806298 2
51664.91397537237 2
51697.54837268176 2
51730.18276999115 0
51762.81716730054 2
51795.45156460993 1
51828.08596191932 1
51860.72035922872 3
51893.35475653811 0
51925.9891538475 2
51958.62355115689 1
51991.25794846628 1
52023.89234577567 0
52056.526743085065 0
52089.161140394455 2
52121.795537703845 3
52154.429935013235 4
52187.064332322625 3
52219.698729632015 1
52252.333126941405 3
52284.967524250795 2
52317.60192156019 3
52350.23631886958 2
52382.87071617897 0
52415.50511348836 0
52448.13951079775 2
52480.77390810714 2
52513.40830541654 2
52546.04270272593 2
52578.67710003532 0
52611.31149734471 2
52643.9458946541 5
52676.58029196349 2
52709.21468927288 0
52741.84908658227 2
52774.48348389166 1
52807.117881201055 1
52839.752278510445 0
52872.386675819835 1
52905.021073129225 3
52937.655470438614 4
52970.289867748004 1
53002.9242650574 0
53035.55866236679 1
53068.19305967618 1
53100.82745698557 2
53133.46185429496 3
53166.09625160435 2
53198.73064891374 1
53231.36504622313 0
53263.99944353253 0
53296.63384084192 1
53329.26823815131 1
53361.9026354607 2
53394.53703277009 3
53427.17143007948 1
53459.805827388875 0
53492.440224698265 1
53525.074622007654 0
53557.709019317044 0
53590.343416626434 2
53622.977813935824 0
53655.612211245214 2
53688.246608554604 2
53720.881005864 2
53753.51540317339 0
53786.14980048278 2
53818.78419779217 3
53851.41859510156 1
53884.05299241095 1
53916.68738972035 2
53949.32178702974 0
53981.95618433913 0
54014.59058164852 3
54047.22497895791 4
54079.8593762673 0
54112.49377357669 0
54145.12817088608 1
54177.76256819547 2
54210.396965504864 1
54243.031362814254 3
54275.665760123644 0
54308.300157433034 0
54340.934554742424 2
54373.56895205181 0
54406.20334936121 3
54438.8377466706 2
54471.47214397999 4
54504.10654128938 1
54536.74093859877 1
54569.37533590816 1
54602.00973321755 2
54634.64413052694 2
54667.27852783634 3
54699.91292514573 2
54732.54732245512 2
54765.18171976451 2
54797.8161170739 2
54830.45051438329 1
54863.084911692684 3
54895.719309002074 1
54928.35370631146 1
54960.98810362085 1
54993.62250093024 2
55026.25689823963 2
55058.89129554902 1
55091.52569285841 0
55124.16009016781 2
55156.7944874772 1
55189.42888478659 1
55222.06328209598 2
55254.69767940537 2
55287.33207671476 1
55319.96647402416 2
55352.60087133355 4
55385.23526864294 3
55417.86966595233 0
55450.50406326172 1
55483.13846057111 1
55515.772857880496 2
55548.407255189886 1
55581.041652499276 0
55613.67604980867 2
55646.31044711806 2
55678.94484442745 2
55711.57924173684 0
55744.21363904623 2
55776.84803635562 0
55809.48243366502 0
55842.11683097441 0
55874.7512282838 1
55907.38562559319 0
55940.02002290258 1
55972.65442021197 1
56005.28881752136 1
56037.92321483075 3
56070.55761214015 2
56103.192009449536 1
56135.826406758926 0
56168.460804068316 1
56201.095201377706 0
56233.729598687096 2
56266.36399599649 0
56298.99839330588 0
56331.63279061527 1
56364.26718792466 1
56396.90158523405 1
56429.53598254344 5
56462.17037985283 1
56494.80477716222 0
56527.43917447162 2
56560.07357178101 3
56592.7079690904 0
56625.34236639979 1
56657.97676370918 2
56690.61116101857 0
56723.245558327966 0
56755.879955637356 3
56788.514352946746 2
56821.148750256136 3
56853.783147565526 0
56886.417544874916 1
56919.051942184306 0
56951.686339493695 0
56984.320736803085 1
57016.95513411248 0
57049.58953142187 0
57082.22392873126 2
57114.85832604065 3
57147.49272335004 1
57180.12712065943 0
57212.76151796883 1
57245.39591527822 3
57278.03031258761 1
57310.664709897 1
57343.29910720639 2
57375.93350451578 0
57408.56790182517 0
57441.20229913456 0
57473.836696443956 2
57506.471093753345 2
57539.105491062735 0
57571.739888372125 0
57604.374285681515 2
57637.008682990905 2
57669.6430803003 1
57702.27747760969 1
57734.91187491908 2
57767.54627222847 2
57800.18066953786 0
57832.81506684725 0
57865.44946415664 3
57898.08386146603 0
57930.71825877543 1
57963.35265608482 2
57995.98705339421 5
58028.6214507036 1
58061.25584801299 2
58093.89024532238 4
58126.524642631775 2
58159.159039941165 0
58191.793437250555 5
58224.427834559945 2
58257.062231869335 2
58289.696629178725 4
58322.331026488115 4
58354.965423797505 4
58387.5998211069 3
58420.23421841629 0
58452.86861572568 5
58485.50301303507 5
58518.13741034446 2
58550.77180765385 3
58583.40620496324 9
58616.04060227264 6
58648.67499958203 9
58681.30939689142 17
58713.94379420081 6
58746.5781915102 11
58779.21258881959 10
58811.84698612898 14
58844.48138343837 19
58877.115780747765 28
58909.750178057155 30
58942.384575366545 34
58975.018972675934 35
59007.653369985324 41
59040.287767294714 37
59072.92216460411 32
59105.5565619135 30
59138.19095922289 30
59170.82535653228 25
59203.45975384167 15
59236.09415115106 14
59268.72854846045 8
59301.36294576984 5
59333.99734307924 4
59366.63174038863 12
59399.26613769802 4
59431.90053500741 4
59464.5349323168 6
59497.16932962619 5
59529.803726935585 3
59562.438124244974 4
59595.072521554364 1
59627.706918863754 3
59660.341316173144 1
59692.975713482534 5
59725.610110791924 5
59758.244508101314 3
59790.87890541071 3
59823.5133027201 1
59856.14770002949 4
59888.78209733888 2
59921.41649464827 2
59954.05089195766 4
59986.68528926705 3
60019.31968657645 3
60051.95408388584 3
60084.58848119523 2
60117.22287850462 2
60149.85727581401 4
60182.4916731234 2
60215.12607043279 2
60247.76046774218 7
60280.394865051574 4
60313.029262360964 4
60345.663659670354 5
60378.298056979744 7
60410.93245428913 3
60443.56685159852 6
60476.20124890792 8
60508.83564621731 6
60541.4700435267 6
60574.10444083609 3
60606.73883814548 7
60639.37323545487 7
60672.00763276426 7
60704.64203007365 9
60737.27642738305 11
60769.91082469244 5
60802.54522200183 4
60835.17961931122 15
60867.81401662061 13
60900.44841393 13
60933.082811239394 15
60965.717208548784 16
60998.35160585817 16
61030.98600316756 24
61063.62040047695 36
61096.25479778634 61
61128.88919509573 188
61161.52359240512 293
61194.15798971452 153
61226.79238702391 12
61259.4267843333 1
61292.06118164269 0
61324.69557895208 0
61357.32997626147 0
61389.96437357086 0
61422.59877088026 0
61455.23316818965 0
61487.86756549904 0
61520.50196280843 0
61553.13636011782 0
61585.770757427206 0
61618.405154736596 0
61651.039552045986 0
61683.67394935538 0
61716.30834666477 0
61748.94274397416 0
61781.57714128355 0
61814.21153859294 0
61846.84593590233 0
61879.48033321173 0
61912.11473052112 0
61944.74912783051 0
61977.3835251399 0
62010.01792244929 0
62042.65231975868 0
62075.28671706807 0
62107.92111437746 0
62140.555511686856 0
62173.189908996246 0
62205.824306305636 0
62238.458703615026 0
62271.093100924416 0
62303.727498233806 0
62336.3618955432 0
62368.99629285259 0
62401.63069016198 0
62434.26508747137 0
62466.89948478076 0
62499.53388209015 0
62532.16827939954 0
62564.80267670893 0
62597.43707401833 0
62630.07147132772 0
62662.70586863711 0
62695.3402659465 0
62727.97466325589 0
62760.60906056528 0
62793.24345787467 0
62825.877855184066 0
62858.512252493456 0
62891.146649802846 0
62923.781047112236 0
62956.415444421626 0
62989.049841731015 0
63021.684239040405 0
63054.318636349795 0
63086.95303365919 0
63119.58743096858 0
63152.22182827797 0
63184.85622558736 0
63217.49062289675 0
63250.12502020614 0
63282.75941751554 0
63315.39381482493 0
63348.02821213432 0
63380.66260944371 0
63413.2970067531 0
63445.93140406249 0
63478.56580137188 0
63511.20019868127 0
63543.834595990666 0
63576.468993300055 0
63609.103390609445 0
63641.737787918835 0
63674.372185228225 0
63707.006582537615 0
63739.64097984701 0
63772.2753771564 0
63804.90977446579 0
63837.54417177518 0
63870.17856908457 0
63902.81296639396 0
63935.44736370335 0
63968.08176101274 0
64000.71615832214 0
64033.35055563153 0
64065.98495294092 0
64098.61935025031 0
64131.2537475597 0
64163.88814486909 0
64196.52254217848 0
64229.156939487875 0
64261.791336797265 0
64294.425734106655 0
64327.060131416045 0
64359.694528725435 0
64392.328926034825 0
64424.963323344215 0
64457.597720653604 0
64490.232117963 0
64522.86651527239 0
64555.50091258178 0
64588.13530989117 0
64620.76970720056 0
64653.40410450995 0
64686.03850181935 0
64718.67289912874 0
64751.30729643813 0
64783.94169374752 0
64816.57609105691 0
64849.2104883663 0
64881.84488567569 0
64914.47928298508 0
64947.113680294475 0
64979.748077603865 0
65012.382474913255 0
65045.016872222644 0
65077.651269532034 0
65110.285666841424 0
65142.92006415082 0
65175.55446146021 0
65208.1888587696 0
65240.82325607899 0
65273.45765338838 0
65306.09205069777 0
65338.72644800716 0
65371.36084531655 0
65403.99524262595 0
65436.62963993534 0
65469.26403724473 0
65501.89843455412 0
65534.5328318635 0
65567.16722917289 0
65599.80162648228 0
65632.43602379168 0
65665.07042110107 0
65697.70481841046 0
65730.33921571985 0
65762.97361302924 0
65795.60801033863 0
65828.24240764802 0
65860.87680495741 0
65893.5112022668 0
65926.1455995762 0
65958.77999688558 0
65991.41439419497 0
66024.04879150436 0
66056.68318881375 0
66089.31758612316 0
66121.95198343255 0
66154.58638074194 0
66187.22077805133 0
66219.85517536072 0
66252.4895726701 0
66285.1239699795 0
66317.75836728889 0
66350.39276459828 0
66383.02716190767 0
66415.66155921706 0
66448.29595652645 0
66480.93035383584 0
66513.56475114523 0
66546.19914845462 0
66578.833545764 0
66611.4679430734 0
66644.10234038279 0
66676.73673769218 0
66709.37113500158 0
66742.00553231097 0
66774.63992962036 0
66807.27432692975 0
66839.90872423914 0
66872.54312154853 0
66905.17751885792 0
66937.81191616731 0
66970.4463134767 0
67003.08071078609 0
67035.71510809548 0
67068.34950540487 0
67100.98390271426 0
67133.61830002366 0
67166.25269733305 0
67198.88709464244 0
67231.52149195183 0
67264.15588926122 0
67296.79028657061 0
67329.42468388 0
67362.05908118939 0
67394.69347849878 0
67427.32787580817 0
67459.96227311756 0
67492.59667042695 0
67525.23106773634 0
67557.86546504573 0
67590.49986235512 0
67623.13425966453 0
67655.76865697392 0
67688.4030542833 0
67721.0374515927 0
67753.67184890209 0
67786.30624621148 0
67818.94064352087 1
