# TIME: 181.68006048 s
# Channel Counts
1015.0256079095402 2725
1045.0637521375425 2220
1075.1018963655447 1804
1105.140040593547 1515
1135.1781848215492 1414
1165.2163290495514 1347
1195.2544732775536 1282
1225.2926175055559 1234
1255.3307617335581 1265
1285.3689059615604 1201
1315.4070501895626 1272
1345.445194417565 1330
1375.4833386455673 1358
1405.5214828735695 1253
1435.5596271015718 1309
1465.597771329574 1307
1495.6359155575763 1324
1525.6740597855785 1393
1555.7122040135807 1377
1585.750348241583 1380
1615.7884924695854 1411
1645.8266366975877 1463
1675.86478092559 1458
1705.9029251535922 1457
1735.9410693815944 1455
1765.9792136095966 1526
1796.0173578375989 1490
1826.055502065601 1519
1856.0936462936033 1486
1886.1317905216056 1507
1916.1699347496078 1521
1946.20807897761 1527
1976.2462232056123 1444
2006.2843674336145 1577
2036.3225116616168 1531
2066.360655889619 1456
2096.3988001176212 1525
2126.4369443456235 1470
2156.4750885736257 1436
2186.513232801628 1499
2216.55137702963 1534
2246.589521257633 1491
2276.627665485635 1478
2306.6658097136374 1522
2336.7039539416396 1574
2366.742098169642 1498
2396.780242397644 1454
2426.8183866256463 1467
2456.8565308536486 1481
2486.894675081651 1442
2516.932819309653 1511
2546.9709635376553 1475
2577.0091077656575 1395
2607.0472519936598 1562
2637.085396221662 1464
2667.1235404496642 1509
2697.1616846776665 1407
2727.1998289056687 1382
2757.237973133671 1511
2787.276117361673 1487
2817.3142615896754 1455
2847.3524058176777 1398
2877.39055004568 1430
2907.428694273682 1575
2937.4668385016844 1451
2967.5049827296866 1467
2997.543126957689 1414
3027.581271185691 1423
3057.6194154136933 1563
3087.6575596416956 1467
3117.695703869698 1515
3147.7338480977 1495
3177.7719923257023 1460
3207.8101365537045 1516
3237.8482807817068 1398
3267.886425009709 1426
3297.9245692377112 1456
3327.9627134657135 1512
3358.0008576937157 1500
3388.039001921718 1445
3418.0771461497206 1540
3448.115290377723 1482
3478.153434605725 1473
3508.1915788337274 1525
3538.2297230617296 1552
3568.267867289732 1541
3598.306011517734 1415
3628.3441557457363 1463
3658.3822999737386 1524
3688.420444201741 1504
3718.458588429743 1506
3748.4967326577453 1459
3778.5348768857475 1525
3808.5730211137497 1582
3838.611165341752 1613
3868.649309569754 1496
3898.6874537977565 1435
3928.7255980257587 1504
3958.763742253761 1425
3988.801886481763 1574
4018.8400307097654 1546
4048.8781749377677 1509
4078.91631916577 1538
4108.954463393772 1617
4138.992607621774 1570
4169.030751849777 1576
4199.068896077779 1551
4229.107040305781 1531
4259.145184533783 1656
4289.183328761786 1525
4319.221472989788 1542
4349.25961721779 1645
4379.297761445792 1676
4409.335905673795 1624
4439.374049901797 1620
4469.4121941298 1591
4499.450338357801 1626
4529.488482585804 1653
4559.526626813806 1683
4589.564771041809 1627
4619.60291526981 1631
4649.641059497813 1610
4679.679203725815 1694
4709.717347953818 1637
4739.755492181819 1702
4769.793636409822 1700
4799.831780637824 1660
4829.869924865827 1715
4859.908069093828 1705
4889.946213321831 1745
4919.984357549833 1560
4950.022501777836 1686
4980.060646005837 1642
5010.09879023384 1737
5040.1369344618415 1817
5070.175078689845 1690
5100.213222917846 1691
5130.251367145849 1626
5160.2895113738505 1671
5190.327655601854 1620
5220.365799829855 1663
5250.403944057858 1737
5280.442088285859 1672
5310.480232513863 1612
5340.518376741864 1718
5370.556520969867 1677
5400.594665197868 1652
5430.6328094258715 1645
5460.670953653873 1601
5490.709097881876 1694
5520.747242109877 1673
5550.7853863378805 1664
5580.823530565882 1629
5610.861674793885 1613
5640.899819021886 1526
5670.937963249889 1550
5700.976107477891 1593
5731.014251705894 1530
5761.052395933895 1477
5791.090540161898 1577
5821.128684389901 1559
5851.166828617903 1545
5881.204972845906 1596
5911.243117073907 1511
5941.2812613019105 1522
5971.319405529912 1560
6001.357549757915 1542
6031.395693985916 1484
6061.433838213919 1437
6091.471982441921 1471
6121.510126669924 1475
6151.548270897925 1434
6181.586415125928 1527
6211.62455935393 1401
6241.662703581933 1381
6271.700847809934 1445
6301.738992037937 1451
6331.777136265939 1378
6361.815280493942 1390
6391.853424721943 1438
6421.891568949946 1379
6451.929713177948 1409
6481.967857405951 1384
6512.006001633952 1366
6542.044145861955 1290
6572.082290089957 1364
6602.12043431796 1347
6632.158578545961 1300
6662.196722773964 1384
6692.2348670019655 1305
6722.273011229969 1281
6752.31115545797 1297
6782.349299685973 1261
6812.3874439139745 1331
6842.425588141978 1262
6872.463732369979 1301
6902.501876597982 1308
6932.540020825983 1238
6962.578165053987 1256
6992.616309281988 1217
7022.654453509991 1247
7052.692597737992 1241
7082.730741965996 1263
7112.768886193997 1251
7142.807030422 1181
7172.845174650001 1236
7202.8833188780045 1241
7232.921463106006 1186
7262.959607334009 1261
7292.99775156201 1226
7323.0358957900135 1185
7353.074040018015 1134
7383.112184246018 1165
7413.150328474019 1161
7443.188472702022 1186
7473.226616930024 1130
7503.264761158027 1157
7533.302905386028 1197
7563.341049614031 1117
7593.379193842033 1173
7623.417338070036 1143
7653.455482298037 1097
7683.49362652604 1171
7713.531770754043 1146
7743.569914982045 1115
7773.608059210048 1132
7803.646203438049 1099
7833.684347666052 1178
7863.722491894054 1086
7893.760636122057 1064
7923.798780350058 1072
7953.836924578061 1103
7983.875068806063 1116
8013.913213034066 1080
8043.951357262067 1097
8073.98950149007 1068
8104.027645718072 1066
8134.065789946075 1085
8164.103934174076 1041
8194.14207840208 1070
8224.18022263008 1066
8254.218366858084 1021
8284.256511086085 978
8314.294655314088 1029
8344.33279954209 1080
8374.370943770093 1049
8404.409087998094 1053
8434.447232226097 1030
8464.485376454099 1050
8494.523520682102 1018
8524.561664910103 1024
8554.599809138106 1022
8584.637953366107 955
8614.67609759411 1024
8644.714241822112 970
8674.752386050115 988
8704.790530278116 1018
8734.82867450612 1047
8764.86681873412 1012
8794.904962962124 984
8824.943107190125 944
8854.981251418129 966
8885.01939564613 956
8915.057539874133 1001
8945.095684102134 972
8975.133828330137 949
9005.171972558139 988
9035.210116786142 930
9065.248261014143 959
9095.286405242146 958
9125.324549470148 982
9155.36269369815 976
9185.400837926154 937
9215.438982154155 960
9245.477126382157 927
9275.51527061016 989
9305.553414838163 952
9335.591559066164 948
9365.629703294166 910
9395.667847522169 915
9425.705991750172 943
9455.744135978173 972
9485.782280206175 852
9515.820424434178 912
9545.858568662181 855
9575.896712890182 953
9605.934857118184 909
9635.973001346187 910
9666.01114557419 912
9696.049289802191 910
9726.087434030193 911
9756.125578258196 932
9786.163722486199 900
9816.2018667142 887
9846.240010942201 842
9876.278155170205 917
9906.316299398208 886
9936.35444362621 863
9966.39258785421 858
9996.430732082214 821
10026.468876310217 882
10056.507020538218 856
10086.54516476622 864
10116.583308994223 859
10146.621453222226 861
10176.659597450227 855
10206.697741678228 837
10236.735885906231 838
10266.774030134235 859
10296.812174362236 802
10326.850318590237 759
10356.88846281824 855
10386.926607046244 861
10416.964751274245 878
10447.002895502246 903
10477.04103973025 802
10507.079183958253 844
10537.117328186254 871
10567.155472414255 812
10597.193616642258 844
10627.231760870261 826
10657.269905098263 894
10687.308049326266 821
10717.34619355427 813
10747.38433778227 827
10777.422482010272 846
10807.460626238275 781
10837.498770466278 809
10867.53691469428 828
10897.57505892228 836
10927.613203150284 809
10957.651347378287 802
10987.689491606288 835
11017.72763583429 848
11047.765780062293 795
11077.803924290296 810
11107.842068518297 853
11137.880212746299 808
11167.918356974302 817
11197.956501202305 829
11227.994645430306 859
11258.032789658308 804
11288.07093388631 787
11318.109078114314 776
11348.147222342315 781
11378.185366570317 816
11408.22351079832 843
11438.261655026323 846
11468.299799254324 777
11498.337943482325 825
11528.376087710329 804
11558.414231938332 793
11588.452376166333 817
11618.490520394334 787
11648.528664622338 834
11678.56680885034 767
11708.604953078342 786
11738.643097306343 791
11768.681241534347 761
11798.71938576235 772
11828.757529990351 809
11858.795674218352 806
11888.833818446356 784
11918.871962674359 815
11948.91010690236 798
11978.948251130361 854
12008.986395358364 791
12039.024539586368 761
12069.062683814369 837
12099.10082804237 746
12129.138972270373 784
12159.177116498377 775
12189.215260726378 803
12219.25340495438 759
12249.291549182382 798
12279.329693410386 796
12309.367837638387 824
12339.405981866388 794
12369.444126094391 791
12399.482270322394 796
12429.520414550396 705
12459.558558778397 776
12489.5967030064 774
12519.634847234403 737
12549.672991462405 828
12579.711135690408 800
12609.749279918411 734
12639.787424146412 780
12669.825568374414 752
12699.863712602417 765
12729.90185683042 764
12759.940001058421 747
12789.978145286423 734
12820.016289514426 755
12850.054433742429 760
12880.09257797043 788
12910.130722198432 723
12940.168866426435 745
12970.207010654438 727
13000.24515488244 744
13030.28329911044 731
13060.321443338444 728
13090.359587566447 725
13120.397731794448 696
13150.43587602245 707
13180.474020250453 679
13210.512164478456 708
13240.550308706457 703
13270.588452934458 679
13300.626597162462 740
13330.664741390465 677
13360.702885618466 685
13390.741029846467 712
13420.77917407447 690
13450.817318302474 715
13480.855462530475 684
13510.893606758476 686
13540.93175098648 684
13570.969895214483 695
13601.008039442484 699
13631.046183670485 656
13661.084327898488 678
13691.122472126492 690
13721.160616354493 659
13751.198760582494 635
13781.236904810497 686
13811.2750490385 631
13841.313193266502 670
13871.351337494503 647
13901.389481722506 631
13931.42762595051 640
13961.46577017851 686
13991.503914406512 666
14021.542058634515 618
14051.580202862518 667
14081.61834709052 612
14111.656491318521 710
14141.694635546524 662
14171.732779774527 676
14201.770924002529 631
14231.80906823053 622
14261.847212458533 666
14291.885356686536 651
14321.923500914538 635
14351.961645142539 659
14381.999789370542 646
14412.037933598545 631
14442.076077826547 719
14472.11422205455 670
14502.152366282553 709
14532.190510510554 699
14562.228654738556 714
14592.266798966559 651
14622.304943194562 653
14652.343087422563 621
14682.381231650565 624
14712.419375878568 641
14742.45752010657 666
14772.495664334572 682
14802.533808562574 665
14832.571952790577 667
14862.61009701858 637
14892.648241246581 660
14922.686385474582 612
14952.724529702586 654
14982.762673930589 630
15012.80081815859 662
15042.838962386591 623
15072.877106614595 621
15102.915250842598 682
15132.953395070599 650
15162.9915392986 637
15193.029683526604 654
15223.067827754607 668
15253.105971982608 645
15283.14411621061 618
15313.182260438613 620
15343.220404666616 670
15373.258548894617 644
15403.296693122618 634
15433.334837350621 655
15463.372981578625 605
15493.411125806626 606
15523.449270034627 650
15553.48741426263 617
15583.525558490634 661
15613.563702718635 628
15643.601846946636 654
15673.63999117464 627
15703.678135402643 646
15733.716279630644 657
15763.754423858645 635
15793.792568086648 632
15823.830712314651 637
15853.868856542653 611
15883.907000770654 642
15913.945144998657 632
15943.98328922666 603
15974.021433454662 645
16004.059577682663 659
16034.097721910666 646
16064.13586613867 630
16094.17401036667 600
16124.212154594672 583
16154.250298822675 704
16184.288443050678 617
16214.32658727868 610
16244.364731506681 672
16274.402875734684 600
16304.441019962687 597
16334.479164190689 598
16364.51730841869 586
16394.555452646695 598
16424.593596874696 552
16454.631741102698 630
16484.669885330703 617
16514.7080295587 609
16544.746173786705 573
16574.78431801471 632
16604.822462242708 589
16634.860606470713 590
16664.898750698714 628
16694.936894926715 604
16724.97503915472 652
16755.013183382718 568
16785.051327610723 567
16815.089471838728 591
16845.127616066726 599
16875.16576029473 618
16905.203904522732 566
16935.242048750733 620
16965.28019297874 566
16995.318337206736 599
17025.35648143474 564
17055.394625662746 543
17085.432769890744 549
17115.47091411875 555
17145.50905834675 597
17175.54720257475 545
17205.585346802756 534
17235.623491030754 584
17265.66163525876 543
17295.699779486764 544
17325.73792371476 626
17355.776067942767 604
17385.81421217077 561
17415.85235639877 594
17445.890500626774 568
17475.928644854772 552
17505.966789082777 585
17536.00493331078 568
17566.04307753878 550
17596.081221766784 553
17626.119365994786 562
17656.157510222787 550
17686.195654450792 513
17716.23379867879 543
17746.271942906795 529
17776.3100871348 492
17806.348231362797 533
17836.386375590802 577
17866.424519818804 520
17896.462664046805 510
17926.50080827481 501
17956.538952502808 521
17986.577096730813 548
18016.615240958818 601
18046.653385186815 539
18076.69152941482 550
18106.72967364282 530
18136.767817870823 532
18166.805962098828 555
18196.844106326826 569
18226.88225055483 509
18256.920394782836 530
18286.958539010833 529
18316.996683238838 534
18347.034827466843 555
18377.07297169484 511
18407.111115922846 500
18437.149260150847 575
18467.18740437885 564
18497.225548606853 549
18527.26369283485 525
18557.301837062856 575
18587.33998129086 552
18617.37812551886 583
18647.416269746864 604
18677.454413974865 561
18707.492558202866 593
18737.53070243087 582
18767.56884665887 570
18797.606990886874 572
18827.64513511488 568
18857.683279342877 608
18887.72142357088 622
18917.759567798883 619
18947.797712026884 650
18977.83585625489 616
19007.874000482887 618
19037.912144710892 660
19067.950288938897 633
19097.988433166895 677
19128.0265773949 664
19158.0647216229 710
19188.102865850902 715
19218.141010078907 711
19248.179154306905 710
19278.21729853491 729
19308.255442762915 707
19338.293586990912 747
19368.331731218917 759
19398.36987544692 802
19428.40801967492 832
19458.446163902925 799
19488.484308130923 835
19518.522452358928 855
19548.560596586933 899
19578.59874081493 857
19608.636885042935 899
19638.675029270937 967
19668.713173498938 958
19698.751317726943 1047
19728.78946195494 997
19758.827606182946 1079
19788.86575041095 1143
19818.90389463895 1074
19848.942038866953 1168
19878.980183094955 1198
19909.018327322956 1223
19939.05647155096 1293
19969.09461577896 1296
19999.132760006964 1297
20029.17090423497 1341
20059.209048462966 1428
20089.24719269097 1403
20119.285336918972 1425
20149.323481146974 1493
20179.36162537498 1570
20209.399769602976 1670
20239.43791383098 1657
20269.476058058986 1754
20299.514202286984 1758
20329.55234651499 1873
20359.590490742994 1825
20389.62863497099 1914
20419.666779198997 1990
20449.704923426998 1920
20479.743067655 2080
20509.781211883004 2225
20539.819356111002 2116
20569.857500339007 2272
20599.895644567012 2365
20629.93378879501 2325
20659.971933023015 2357
20690.010077251016 2328
20720.048221479017 2506
20750.086365707022 2631
20780.12450993502 2591
20810.162654163025 2710
20840.20079839103 2768
20870.238942619028 2838
20900.277086847032 2841
20930.315231075034 2913
20960.353375303035 3022
20990.39151953104 3046
21020.429663759038 3069
21050.467807987043 3137
21080.505952215048 3270
21110.544096443045 3275
21140.58224067105 3204
21170.62038489905 3368
21200.658529127053 3452
21230.696673355058 3447
21260.734817583056 3412
21290.77296181106 3526
21320.811106039066 3543
21350.849250267063 3601
21380.88739449507 3636
21410.92553872307 3665
21440.96368295107 3708
21471.001827179076 3878
21501.039971407074 3739
21531.07811563508 3793
21561.116259863084 3850
21591.15440409108 3877
21621.192548319086 3823
21651.230692547088 3888
21681.26883677509 3884
21711.306981003094 3897
21741.34512523109 4011
21771.383269459096 3966
21801.4214136871 4026
21831.4595579151 4033
21861.497702143104 4015
21891.535846371105 4039
21921.573990599107 4152
21951.61213482711 3972
21981.65027905511 4015
22011.688423283114 3955
22041.72656751112 4015
22071.764711739117 3979
22101.802855967122 4059
22131.841000195123 4001
22161.879144423125 3993
22191.91728865113 3922
22221.95543287913 3844
22251.993577107132 3783
22282.031721335137 3943
22312.069865563135 3759
22342.10800979114 3797
22372.146154019145 3697
22402.184298247143 3683
22432.222442475148 3695
22462.26058670315 3656
22492.29873093115 3615
22522.336875159155 3548
22552.375019387153 3522
22582.413163615158 3529
22612.451307843163 3349
22642.48945207116 3427
22672.527596299165 3371
22702.565740527167 3429
22732.603884755168 3197
22762.642028983173 3141
22792.68017321117 3115
22822.718317439176 3076
22852.75646166718 3055
22882.79460589518 2956
22912.832750123183 2893
22942.870894351185 2832
22972.909038579186 2858
23002.94718280719 2735
23032.98532703519 2666
23063.023471263194 2673
23093.0616154912 2584
23123.099759719196 2487
23153.1379039472 2469
23183.176048175203 2487
23213.214192403204 2393
23243.25233663121 2200
23273.290480859207 2276
23303.32862508721 2049
23333.366769315217 2136
23363.404913543214 2125
23393.44305777122 1998
23423.48120199922 1931
23453.519346227222 1871
23483.557490455227 1907
23513.595634683224 1771
23543.63377891123 1717
23573.671923139234 1689
23603.710067367232 1708
23633.748211595237 1603
23663.78635582324 1535
23693.82450005124 1517
23723.862644279245 1509
23753.900788507242 1408
23783.938932735247 1398
23813.977076963252 1365
23844.01522119125 1335
23874.053365419255 1332
23904.091509647256 1240
23934.129653875258 1221
23964.167798103263 1163
23994.20594233126 1186
24024.244086559265 1125
24054.28223078727 1034
24084.320375015268 988
24114.358519243273 963
24144.396663471278 960
24174.434807699276 938
24204.47295192728 870
24234.511096155282 917
24264.549240383283 816
24294.587384611288 819
24324.625528839286 777
24354.66367306729 715
24384.701817295296 739
24414.739961523293 680
24444.7781057513 632
24474.8162499793 713
24504.8543942073 666
24534.892538435306 672
24564.930682663304 666
24594.96882689131 608
24625.006971119314 584
24655.04511534731 606
24685.083259575316 532
24715.121403803318 516
24745.15954803132 476
24775.197692259324 484
24805.23583648732 530
24835.273980715327 496
24865.31212494333 476
24895.35026917133 486
24925.388413399334 432
24955.426557627336 436
24985.464701855337 434
25015.502846083342 415
25045.54099031134 413
25075.579134539345 341
25105.61727876735 398
25135.655422995347 372
25165.693567223352 342
25195.731711451353 340
25225.769855679355 333
25255.80799990736 335
25285.846144135357 359
25315.884288363362 330
25345.922432591367 333
25375.960576819365 313
25405.99872104737 341
25436.03686527537 310
25466.075009503373 307
25496.113153731378 317
25526.151297959375 297
25556.18944218738 307
25586.227586415385 285
25616.265730643383 295
25646.303874871388 325
25676.34201909939 268
25706.38016332739 248
25736.418307555396 298
25766.456451783393 290
25796.4945960114 270
25826.532740239403 300
25856.5708844674 264
25886.609028695406 256
25916.647172923407 265
25946.68531715141 234
25976.723461379413 277
26006.761605607415 275
26036.799749835416 280
26066.83789406342 264
26096.87603829142 269
26126.914182519424 226
26156.95232674743 250
26186.990470975426 256
26217.02861520343 249
26247.066759431433 248
26277.104903659434 227
26307.14304788744 238
26337.181192115437 239
26367.21933634344 249
26397.257480571447 214
26427.295624799444 260
26457.33376902745 239
26487.37191325545 267
26517.410057483452 268
26547.448201711457 238
26577.486345939455 282
26607.52449016746 233
26637.562634395465 243
26667.600778623462 221
26697.638922851467 218
26727.67706707947 219
26757.71521130747 227
26787.753355535475 207
26817.791499763473 237
26847.829643991477 236
26877.867788219482 237
26907.90593244748 208
26937.944076675485 238
26967.982220903486 254
26998.020365131488 215
27028.058509359493 248
27058.09665358749 239
27088.134797815495 251
27118.1729420435 245
27148.211086271498 211
27178.249230499503 261
27208.287374727504 256
27238.325518955506 246
27268.36366318351 195
27298.40180741151 262
27328.439951639513 235
27358.47809586752 221
27388.516240095516 236
27418.55438432352 248
27448.592528551522 232
27478.630672779524 198
27508.66881700753 238
27538.706961235526 199
27568.74510546353 227
27598.783249691536 230
27628.821393919534 232
27658.85953814754 237
27688.89768237554 193
27718.93582660354 255
27748.973970831546 201
27779.012115059544 208
27809.05025928755 216
27839.088403515554 227
27869.12654774355 211
27899.164691971557 204
27929.20283619956 231
27959.24098042756 224
27989.279124655564 219
28019.317268883566 203
28049.355413111567 215
28079.393557339572 226
28109.43170156757 213
28139.469845795575 228
28169.50799002358 222
28199.546134251577 198
28229.584278479582 200
28259.622422707584 212
28289.660566935585 211
28319.69871116359 237
28349.736855391588 228
28379.774999619593 208
28409.813143847598 237
28439.851288075595 212
28469.8894323036 215
28499.9275765316 206
28529.965720759603 231
28560.003864987608 210
28590.042009215606 216
28620.08015344361 205
28650.118297671615 185
28680.156441899613 190
28710.194586127618 198
28740.23273035562 178
28770.27087458362 212
28800.309018811626 201
28830.347163039623 197
28860.38530726763 199
28890.423451495633 221
28920.46159572363 192
28950.499739951636 213
28980.537884179637 215
29010.57602840764 227
29040.614172635644 207
29070.65231686364 199
29100.690461091646 214
29130.72860531965 206
29160.76674954765 222
29190.804893775654 224
29220.843038003655 234
29250.881182231657 222
29280.91932645966 223
29310.95747068766 217
29340.995614915664 211
29371.03375914367 206
29401.071903371667 211
29431.11004759967 217
29461.148191827673 220
29491.186336055674 221
29521.22448028368 215
29551.262624511677 202
29581.300768739682 230
29611.338912967687 209
29641.377057195685 191
29671.41520142369 193
29701.45334565169 196
29731.491489879692 232
29761.529634107697 217
29791.567778335695 215
29821.6059225637 216
29851.644066791705 219
29881.682211019703 213
29911.720355247708 215
29941.758499475713 212
29971.79664370371 198
30001.834787931715 215
30031.872932159717 230
30061.911076387718 240
30091.949220615723 236
30121.98736484372 220
30152.025509071726 227
30182.06365329973 218
30212.10179752773 251
30242.139941755733 217
30272.178085983734 219
30302.216230211736 242
30332.25437443974 227
30362.29251866774 229
30392.330662895743 231
30422.36880712375 218
30452.406951351746 240
30482.44509557975 211
30512.483239807752 244
30542.521384035754 205
30572.55952826376 225
30602.597672491756 226
30632.63581671976 263
30662.673960947766 243
30692.712105175764 244
30722.75024940377 210
30752.78839363177 245
30782.82653785977 231
30812.864682087777 247
30842.902826315774 236
30872.94097054378 222
30902.979114771784 237
30933.017258999782 276
30963.055403227787 251
30993.09354745579 250
31023.13169168379 249
31053.169835911795 255
31083.207980139792 256
31113.246124367797 229
31143.284268595802 266
31173.3224128238 256
31203.360557051805 249
31233.398701279806 244
31263.436845507807 281
31293.474989735812 247
31323.51313396381 257
31353.551278191815 232
31383.58942241982 267
31413.627566647818 249
31443.665710875823 269
31473.703855103824 299
31503.741999331825 283
31533.78014355983 281
31563.818287787828 271
31593.856432015833 274
31623.894576243838 289
31653.932720471836 289
31683.97086469984 253
31714.009008927842 265
31744.047153155843 273
31774.08529738385 285
31804.12344161185 289
31834.16158583985 266
31864.199730067856 260
31894.237874295854 282
31924.27601852386 269
31954.314162751863 267
31984.35230697986 282
32014.390451207866 268
32044.428595435867 293
32074.46673966387 268
32104.504883891874 259
32134.54302811987 287
32164.581172347876 324
32194.61931657588 307
32224.65746080388 290
32254.695605031884 305
32284.733749259885 294
32314.771893487887 286
32344.81003771589 269
32374.84818194389 293
32404.886326171894 277
32434.9244703999 271
32464.962614627897 277
32495.000758855902 280
32525.038903083903 302
32555.077047311905 269
32585.11519153991 273
32615.153335767907 264
32645.191479995912 263
32675.229624223917 272
32705.267768451915 265
32735.30591267992 253
32765.344056907918 300
32795.38220113592 286
32825.42034536393 306
32855.458489591925 309
32885.49663381993 284
32915.534778047935 268
32945.57292227593 232
32975.61106650394 227
33005.64921073194 297
33035.68735495994 275
33065.725499187945 289
33095.76364341594 275
33125.80178764395 268
33155.83993187195 274
33185.87807609995 267
33215.916220327956 312
33245.95436455595 262
33275.99250878396 260
33306.03065301196 261
33336.06879723996 270
33366.106941467966 287
33396.14508569597 265
33426.18322992397 286
33456.22137415197 280
33486.25951837998 286
33516.297662607976 244
33546.33580683598 258
33576.37395106398 231
33606.412095291984 267
33636.45023951999 267
33666.48838374799 246
33696.52652797599 253
33726.564672204 234
33756.602816431994 241
33786.64096066 267
33816.679104888 229
33846.717249116 248
33876.75539334401 256
33906.79353757201 275
33936.83168180001 273
33966.86982602801 240
33996.90797025601 263
34026.94611448402 237
34056.98425871202 261
34087.02240294002 240
34117.060547168025 253
34147.09869139602 251
34177.13683562403 249
34207.17497985203 261
34237.21312408003 257
34267.251268308035 238
34297.28941253603 238
34327.32755676404 248
34357.36570099204 237
34387.40384522005 224
34417.441989448045 243
34447.48013367604 246
34477.51827790405 256
34507.55642213205 240
34537.59456636006 229
34567.632710588055 225
34597.67085481606 246
34627.70899904406 251
34657.74714327206 224
34687.78528750007 221
34717.823431728066 211
34747.86157595607 221
34777.89972018407 221
34807.93786441207 230
34837.97600864008 232
34868.01415286808 229
34898.05229709608 219
34928.09044132408 225
34958.128585552084 176
34988.16672978009 227
35018.20487400809 229
35048.24301823609 197
35078.281162464096 199
35108.319306692094 215
35138.3574509201 220
35168.395595148104 229
35198.4337393761 209
35228.47188360411 220
35258.510027832104 236
35288.54817206011 191
35318.586316288114 212
35348.62446051612 217
35378.66260474412 224
35408.700748972115 201
35438.73889320012 206
35468.777037428124 219
35498.81518165613 210
35528.85332588413 211
35558.89147011213 219
35588.92961434013 213
35618.967758568135 202
35649.00590279614 222
35679.044047024145 191
35709.08219125214 232
35739.12033548014 196
35769.158479708145 206
35799.19662393615 212
35829.234768164155 229
35859.27291239215 218
35889.31105662016 204
35919.349200848155 215
35949.38734507616 185
35979.425489304165 225
36009.46363353216 216
36039.50177776017 228
36069.539921988166 185
36099.57806621617 216
36129.616210444176 192
36159.65435467218 197
36189.69249890018 231
36219.730643128176 176
36249.76878735618 217
36279.806931584186 188
36309.84507581219 192
36339.88322004019 203
36369.92136426819 232
36399.95950849619 172
36429.997652724196 208
36460.0357969522 217
36490.0739411802 190
36520.112085408204 227
36550.1502296362 218
36580.18837386421 210
36610.22651809221 197
36640.264662320216 188
36670.302806548214 206
36700.34095077621 189
36730.37909500422 202
36760.41723923222 219
36790.45538346023 215
36820.493527688224 209
36850.53167191623 198
36880.56981614423 196
36910.60796037223 210
36940.64610460024 227
36970.684248828235 193
37000.72239305624 194
37030.76053728424 218
37060.79868151224 182
37090.83682574025 208
37120.87496996825 193
37150.91311419625 212
37180.95125842425 186
37210.98940265225 180
37241.02754688026 194
37271.06569110826 204
37301.10383533626 218
37331.141979564265 201
37361.18012379226 218
37391.21826802027 208
37421.25641224827 211
37451.29455647627 196
37481.332700704275 212
37511.37084493227 193
37541.40898916028 238
37571.44713338828 207
37601.48527761629 189
37631.523421844286 195
37661.56156607229 203
37691.59971030029 184
37721.63785452829 208
37751.6759987563 203
37781.714142984296 185
37811.7522872123 203
37841.7904314403 218
37871.8285756683 213
37901.86671989631 208
37931.90486412431 172
37961.94300835231 240
37991.98115258031 198
38022.019296808314 192
38052.05744103632 182
38082.095585264324 203
38112.13372949232 190
38142.17187372033 188
38172.210017948324 199
38202.24816217633 182
38232.286306404334 204
38262.32445063233 173
38292.36259486034 191
38322.400739088334 224
38352.43888331634 197
38382.477027544344 173
38412.51517177235 199
38442.55331600035 182
38472.591460228345 204
38502.62960445635 188
38532.667748684355 194
38562.70589291236 210
38592.74403714036 171
38622.78218136836 186
38652.82032559636 201
38682.858469824365 213
38712.89661405237 183
38742.93475828037 197
38772.97290250837 194
38803.01104673637 187
38833.049190964375 178
38863.08733519238 193
38893.125479420385 168
38923.16362364838 200
38953.20176787638 177
38983.239912104385 182
39013.27805633239 178
39043.316200560395 180
39073.35434478839 168
39103.3924890164 169
39133.430633244396 189
39163.4687774724 182
39193.506921700406 175
39223.5450659284 171
39253.58321015641 198
39283.621354384406 145
39313.65949861241 175
39343.697642840416 179
39373.73578706842 185
39403.77393129642 189
39433.812075524416 163
39463.85021975242 152
39493.888363980426 151
39523.92650820843 158
39553.96465243643 183
39584.002796664434 178
39614.04094089243 175
39644.07908512044 171
39674.11722934844 171
39704.15537357645 168
39734.193517804444 169
39764.23166203244 173
39794.26980626045 151
39824.30795048845 156
39854.34609471646 170
39884.384238944454 168
39914.42238317246 176
39944.46052740046 172
39974.49867162846 165
40004.53681585647 142
40034.574960084465 144
40064.61310431247 149
40094.65124854047 148
40124.68939276847 157
40154.72753699648 136
40184.76568122448 167
40214.80382545248 170
40244.84196968048 189
40274.88011390848 167
40304.91825813649 165
40334.95640236449 146
40364.99454659249 172
40395.032690820495 167
40425.07083504849 165
40455.1089792765 153
40485.1471235045 182
40515.1852677325 184
40545.223411960505 151
40575.2615561885 187
40605.29970041651 174
40635.33784464451 188
40665.37598887252 177
40695.414133100516 168
40725.45227732851 148
40755.49042155652 169
40785.52856578452 170
40815.56671001253 165
40845.604854240526 177
40875.64299846853 188
40905.68114269653 194
40935.719286924534 209
40965.75743115254 177
40995.795575380536 221
41025.83371960854 210
41055.87186383654 216
41085.910008064544 226
41115.94815229255 198
41145.986296520554 230
41176.02444074855 231
41206.06258497655 221
41236.100729204554 211
41266.13887343256 233
41296.177017660564 227
41326.21516188856 264
41356.25330611657 258
41386.291450344565 243
41416.32959457257 231
41446.367738800574 266
41476.40588302858 269
41506.44402725658 274
41536.482171484575 264
41566.52031571258 295
41596.558459940585 321
41626.59660416859 305
41656.63474839659 298
41686.67289262459 343
41716.71103685259 321
41746.749181080595 346
41776.7873253086 349
41806.8254695366 344
41836.8636137646 308
41866.9017579926 355
41896.939902220605 310
41926.97804644861 367
41957.016190676615 365
41987.05433490461 381
42017.09247913261 408
42047.130623360616 405
42077.16876758862 423
42107.206911816626 412
42137.24505604462 489
42167.28320027263 424
42197.321344500626 419
42227.35948872863 470
42257.397632956636 503
42287.43577718463 496
42317.47392141264 520
42347.512065640636 506
42377.55020986864 519
42407.588354096646 547
42437.62649832465 589
42467.66464255265 499
42497.70278678065 621
42527.74093100865 604
42557.779075236656 591
42587.81721946466 595
42617.85536369266 646
42647.893507920664 608
42677.93165214866 683
42707.96979637667 717
42738.00794060467 684
42768.04608483267 722
42798.084229060674 711
42828.12237328867 731
42858.16051751668 761
42888.19866174468 799
42918.23680597269 772
42948.274950200685 772
42978.31309442868 831
43008.35123865669 828
43038.38938288469 873
43068.4275271127 852
43098.465671340695 922
43128.5038155687 934
43158.5419597967 949
43188.5801040247 975
43218.61824825271 926
43248.656392480705 951
43278.69453670871 947
43308.73268093671 959
43338.77082516471 1046
43368.80896939272 1040
43398.84711362072 1031
43428.88525784872 1080
43458.923402076725 1148
43488.96154630472 1077
43518.99969053273 1133
43549.03783476073 1065
43579.07597898873 1155
43609.114123216736 1122
43639.15226744473 1160
43669.19041167274 1235
43699.22855590074 1226
43729.26670012875 1246
43759.304844356746 1297
43789.34298858474 1262
43819.38113281275 1271
43849.41927704075 1319
43879.45742126876 1337
43909.495565496756 1373
43939.53370972476 1354
43969.57185395276 1386
43999.609998180764 1443
44029.64814240877 1407
44059.68628663677 1429
44089.72443086477 1396
44119.76257509277 1432
44149.800719320774 1490
44179.83886354878 1431
44209.877007776784 1473
44239.91515200478 1463
44269.95329623278 1482
44299.991440460784 1485
44330.02958468879 1487
44360.067728916794 1583
44390.10587314479 1531
44420.1440173728 1562
44450.182161600795 1516
44480.2203058288 1594
44510.258450056805 1650
44540.2965942848 1569
44570.33473851281 1579
44600.372882740805 1574
44630.41102696881 1674
44660.449171196815 1515
44690.48731542482 1560
44720.52545965282 1681
44750.563603880815 1592
44780.60174810882 1643
44810.639892336825 1683
44840.67803656483 1566
44870.71618079283 1590
44900.75432502083 1618
44930.79246924883 1612
44960.830613476835 1659
44990.86875770484 1567
45020.90690193284 1633
45050.94504616084 1588
45080.98319038884 1634
45111.021334616846 1689
45141.05947884485 1552
45171.097623072856 1636
45201.13576730085 1653
45231.17391152886 1647
45261.212055756856 1680
45291.25019998486 1639
45321.288344212866 1584
45351.32648844086 1567
45381.36463266887 1579
45411.402776896866 1549
45441.44092112487 1532
45471.479065352876 1505
45501.51720958088 1577
45531.55535380888 1578
45561.59349803688 1535
45591.63164226488 1555
45621.66978649289 1485
45651.70793072089 1492
45681.74607494889 1418
45711.784219176894 1446
45741.82236340489 1446
45771.8605076329 1495
45801.8986518609 1457
45831.9367960889 1458
45861.974940316904 1498
45892.0130845449 1402
45922.05122877291 1417
45952.08937300091 1389
45982.12751722892 1374
46012.165661456915 1397
46042.20380568491 1378
46072.24194991292 1265
46102.28009414092 1283
46132.31823836893 1276
46162.356382596925 1302
46192.39452682493 1194
46222.43267105293 1156
46252.47081528093 1228
46282.50895950894 1207
46312.547103736935 1163
46342.58524796494 1168
46372.62339219294 1110
46402.66153642094 1081
46432.69968064895 1084
46462.73782487695 1088
46492.77596910495 1093
46522.81411333295 1037
46552.85225756095 1046
46582.89040178896 1080
46612.92854601696 947
46642.96669024496 1038
46673.004834472966 978
46703.04297870096 970
46733.08112292897 919
46763.11926715697 979
46793.15741138497 937
46823.195555612976 890
46853.233699840974 850
46883.27184406898 878
46913.309988296984 875
46943.34813252499 867
46973.386276752986 876
47003.424420980984 776
47033.46256520899 737
47063.500709436994 740
47093.538853665 729
47123.576997893 754
47153.615142121 729
47183.653286349 735
47213.691430577004 697
47243.72957480501 672
47273.767719033014 663
47303.80586326101 671
47333.84400748901 674
47363.882151717014 668
47393.92029594502 602
47423.958440173024 632
47453.99658440102 598
47484.03472862903 563
47514.072872857025 546
47544.11101708503 534
47574.149161313035 508
47604.18730554103 508
47634.22544976904 512
47664.263593997035 486
47694.30173822504 467
47724.339882453045 476
47754.37802668105 469
47784.41617090905 453
47814.454315137045 424
47844.49245936505 421
47874.530603593055 416
47904.56874782106 395
47934.60689204906 409
47964.64503627706 372
47994.68318050506 344
48024.721324733066 373
48054.75946896107 341
48084.79761318907 325
48114.83575741707 331
48144.87390164507 311
48174.912045873076 301
48204.95019010108 280
48234.988334329086 296
48265.02647855708 287
48295.06462278508 274
48325.102767013086 278
48355.14091124109 272
48385.179055469096 256
48415.217199697094 238
48445.2553439251 235
48475.2934881531 234
48505.3316323811 217
48535.369776609106 204
48565.407920837104 196
48595.44606506511 221
48625.48420929311 219
48655.52235352111 192
48685.56049774912 196
48715.59864197712 192
48745.63678620512 187
48775.67493043312 168
48805.71307466112 161
48835.75121888913 157
48865.78936311713 151
48895.82750734513 159
48925.865651573135 159
48955.90379580113 163
48985.94194002914 152
49015.98008425714 144
49046.01822848514 122
49076.056372713145 147
49106.09451694114 103
49136.13266116915 122
49166.17080539715 141
49196.20894962516 116
49226.247093853155 110
49256.28523808116 114
49286.32338230916 105
49316.36152653716 106
49346.39967076517 99
49376.437814993165 106
49406.47595922117 95
49436.51410344917 88
49466.55224767717 79
49496.59039190518 88
49526.62853613318 68
49556.66668036118 97
49586.70482458918 74
49616.74296881718 81
49646.78111304519 86
49676.81925727319 69
49706.85740150119 74
49736.895545729196 72
49766.93368995719 66
49796.9718341852 43
49827.0099784132 51
49857.0481226412 55
49887.086266869206 66
49917.124411097204 49
49947.16255532521 55
49977.200699553214 55
50007.23884378122 42
50037.27698800922 62
50067.315132237214 49
50097.35327646522 57
50127.391420693224 47
50157.42956492123 44
50187.46770914923 53
50217.50585337723 54
50247.54399760523 46
50277.582141833234 44
50307.62028606124 47
50337.65843028924 47
50367.69657451724 28
50397.73471874524 51
50427.772862973245 29
50457.81100720125 40
50487.849151429255 40
50517.88729565725 41
50547.92543988525 24
50577.963584113255 41
50608.00172834126 43
50638.039872569265 30
50668.07801679726 32
50698.11616102527 23
50728.154305253265 41
50758.19244948127 25
50788.230593709275 30
50818.26873793727 31
50848.30688216528 23
50878.345026393275 35
50908.38317062128 35
50938.421314849285 28
50968.45945907729 21
50998.49760330529 41
51028.53574753329 31
51058.57389176129 25
51088.612035989296 21
51118.6501802173 23
51148.6883244453 29
51178.7264686733 20
51208.7646129013 26
51238.802757129306 23
51268.84090135731 27
51298.879045585316 19
51328.91718981331 19
51358.95533404131 18
51388.993478269316 18
51419.03162249732 21
51449.069766725326 26
51479.107910953324 24
51509.14605518133 25
51539.18419940933 16
51569.22234363733 17
51599.26048786534 23
51629.298632093334 19
51659.33677632134 14
51689.37492054934 14
51719.41306477734 21
51749.45120900535 30
51779.48935323335 16
51809.52749746135 18
51839.56564168935 20
51869.60378591735 24
51899.64193014536 19
51929.68007437336 15
51959.71821860136 13
51989.756362829365 18
52019.79450705736 17
52049.83265128537 12
52079.87079551337 22
52109.90893974137 14
52139.947083969375 20
52169.98522819737 5
52200.02337242538 11
52230.06151665338 20
52260.09966088139 22
52290.137805109385 17
52320.17594933738 15
52350.21409356539 16
52380.25223779339 19
52410.2903820214 12
52440.328526249396 8
52470.3666704774 14
52500.4048147054 21
52530.4429589334 15
52560.48110316141 10
52590.519247389406 21
52620.55739161741 13
52650.59553584541 23
52680.63368007341 13
52710.67182430142 19
52740.70996852942 4
52770.74811275742 14
52800.78625698542 13
52830.824401213424 11
52860.86254544143 16
52890.90068966943 16
52920.93883389743 19
52950.976978125436 9
52981.015122353434 17
53011.05326658144 18
53041.091410809444 16
53071.12955503745 8
53101.16769926545 16
53131.205843493444 12
53161.24398772145 22
53191.282131949454 15
53221.32027617746 8
53251.35842040546 8
53281.39656463346 10
53311.43470886146 13
53341.472853089464 11
53371.51099731747 8
53401.54914154547 13
53431.58728577347 5
53461.62543000147 6
53491.663574229475 10
53521.70171845748 12
53551.739862685485 11
53581.77800691348 13
53611.81615114148 12
53641.854295369485 14
53671.89243959749 13
53701.930583825495 11
53731.96872805349 10
53762.0068722815 10
53792.045016509495 12
53822.0831607375 13
53852.121304965505 24
53882.1594491935 10
53912.19759342151 11
53942.235737649506 6
53972.27388187751 13
54002.312026105516 9
54032.35017033352 10
54062.38831456152 5
54092.426458789516 11
54122.46460301752 7
54152.502747245526 10
54182.54089147353 8
54212.57903570153 10
54242.61717992953 6
54272.65532415753 12
54302.693468385536 10
54332.73161261354 10
54362.76975684154 6
54392.807901069544 13
54422.84604529754 10
54452.88418952555 9
54482.92233375355 8
54512.960477981556 11
54542.998622209554 17
54573.03676643755 10
54603.07491066556 13
54633.11305489356 5
54663.15119912157 8
54693.189343349564 11
54723.22748757757 10
54753.26563180557 6
54783.30377603357 6
54813.34192026158 4
54843.38006448958 9
54873.41820871758 8
54903.45635294558 10
54933.49449717358 6
54963.53264140159 14
54993.57078562959 11
55023.60892985759 7
55053.647074085595 10
55083.68521831359 6
55113.7233625416 11
55143.7615067696 14
55173.7996509976 11
55203.837795225605 4
55233.8759394536 11
55263.91408368161 4
55293.95222790961 7
55323.99037213762 7
55354.028516365615 9
55384.06666059361 9
55414.10480482162 7
55444.14294904962 11
55474.18109327763 5
55504.219237505626 8
55534.25738173363 11
55564.29552596163 7
55594.33367018963 4
55624.37181441764 5
55654.409958645636 6
55684.44810287364 7
55714.48624710164 10
55744.52439132964 8
55774.56253555765 12
55804.60067978565 5
55834.63882401365 5
55864.67696824165 10
55894.715112469654 4
55924.75325669766 8
55954.791400925664 15
55984.82954515366 4
56014.86768938167 5
56044.905833609664 7
56074.94397783767 9
56104.982122065674 7
56135.02026629367 4
56165.05841052168 8
56195.096554749674 7
56225.13469897768 6
56255.172843205684 5
56285.21098743369 12
56315.24913166169 2
56345.287275889685 9
56375.32542011769 7
56405.363564345695 10
56435.4017085737 9
56465.4398528017 6
56495.4779970297 10
56525.5161412577 9
56555.554285485705 6
56585.59242971371 6
56615.63057394171 9
56645.66871816971 6
56675.70686239771 2
56705.745006625715 7
56735.78315085372 7
56765.821295081725 9
56795.85943930972 7
56825.89758353773 7
56855.935727765725 10
56885.97387199373 6
56916.012016221735 4
56946.05016044973 11
56976.08830467774 8
57006.126448905736 7
57036.16459313374 11
57066.202737361746 11
57096.24088158975 8
57126.27902581775 7
57156.317170045746 7
57186.35531427375 10
57216.393458501756 7
57246.43160272976 7
57276.46974695776 6
57306.50789118576 12
57336.54603541376 15
57366.584179641766 8
57396.62232386977 11
57426.66046809777 9
57456.698612325774 12
57486.73675655377 6
57516.77490078178 14
57546.81304500978 4
57576.85118923779 10
57606.889333465784 13
57636.92747769378 8
57666.96562192179 14
57697.00376614979 11
57727.0419103778 15
57757.080054605794 8
57787.1181988338 16
57817.1563430618 13
57847.1944872898 15
57877.23263151781 13
57907.270775745805 19
57937.30891997381 11
57967.34706420181 10
57997.38520842981 19
58027.42335265782 22
58057.46149688582 16
58087.49964111382 22
58117.53778534182 16
58147.57592956982 14
58177.61407379783 6
58207.65221802583 20
58237.69036225383 22
58267.728506481835 27
58297.76665070983 20
58327.80479493784 23
58357.84293916584 28
58387.88108339384 25
58417.919227621845 28
58447.95737184984 29
58477.99551607785 25
58508.03366030585 32
58538.07180453386 29
58568.109948761856 17
58598.14809298985 25
58628.18623721786 34
58658.22438144586 35
58688.26252567387 42
58718.300669901866 41
58748.33881412987 34
58778.37695835787 41
58808.415102585874 35
58838.45324681388 34
58868.49139104188 66
58898.52953526988 51
58928.56767949788 57
58958.605823725884 81
58988.64396795389 86
59018.682112181894 83
59048.72025640989 106
59078.7584006379 107
59108.796544865894 127
59138.8346890939 143
59168.872833321904 154
59198.9109775499 159
59228.94912177791 186
59258.987266005905 177
59289.02541023391 180
59319.063554461914 161
59349.10169868992 157
59379.13984291792 104
59409.177987145915 96
59439.21613137392 71
59469.254275601925 46
59499.29241982993 32
59529.33056405793 24
59559.36870828593 17
59589.40685251393 23
59619.444996741935 13
59649.48314096994 22
59679.52128519794 22
59709.55942942594 15
59739.59757365394 18
59769.635717881945 11
59799.67386210995 17
59829.712006337955 15
59859.75015056595 19
59889.78829479395 15
59919.826439021956 12
59949.86458324996 18
59979.902727477966 18
60009.94087170596 19
60039.97901593397 11
60070.017160161966 11
60100.05530438997 4
60130.093448617976 5
60160.13159284597 6
60190.16973707398 1
60220.207881301976 2
60250.24602552998 6
60280.284169757986 3
60310.32231398599 2
60340.36045821399 4
60370.39860244199 1
60400.43674666999 7
60430.474890898 5
60460.513035126 6
60490.551179354 2
60520.589323582004 5
60550.62746781 7
60580.66561203801 4
60610.70375626601 10
60640.74190049402 7
60670.780044722014 9
60700.81818895001 5
60730.85633317802 6
60760.89447740602 9
60790.93262163403 6
60820.970765862025 6
60851.00891009003 7
60881.04705431803 9
60911.08519854603 10
60941.12334277404 11
60971.161487002035 8
61001.19963123004 10
61031.23777545804 10
61061.27591968604 8
61091.31406391405 16
61121.35220814205 22
61151.39035237005 36
61181.42849659805 79
61211.46664082605 206
61241.50478505406 222
61271.54292928206 109
61301.58107351006 26
61331.619217738065 5
61361.65736196606 1
61391.69550619407 2
61421.73365042207 0
61451.77179465007 0
61481.809938878076 0
61511.84808310607 1
61541.88622733408 0
61571.92437156208 0
61601.96251579009 1
61632.000660018086 0
61662.03880424608 0
61692.07694847409 0
61722.11509270209 0
61752.1532369301 0
61782.191381158096 0
61812.2295253861 1
61842.2676696141 1
61872.305813842104 1
61902.34395807011 0
61932.38210229811 0
61962.42024652611 1
61992.45839075411 1
62022.496534982114 0
62052.53467921012 0
62082.572823438124 0
62112.61096766612 0
62142.64911189412 0
62172.687256122124 0
62202.72540035013 0
62232.763544578134 0
62262.80168880613 0
62292.83983303414 1
62322.877977262135 1
62352.91612149014 0
62382.954265718145 0
62412.99240994614 1
62443.03055417415 0
62473.068698402145 0
62503.10684263015 1
