# TIME: 181.535276656 s
# Channel Counts
1016.2148159922276 4560
1048.626327470496 3124
1081.0378389487646 2261
1113.449350427033 1668
1145.8608619053018 1455
1178.2723733835703 1192
1210.6838848618388 1041
1243.0953963401073 981
1275.5069078183758 896
1307.9184192966443 883
1340.3299307749128 865
1372.7414422531813 883
1405.1529537314498 887
1437.5644652097185 864
1469.975976687987 872
1502.3874881662555 914
1534.798999644524 913
1567.2105111227925 968
1599.622022601061 943
1632.0335340793297 977
1664.4450455575982 1061
1696.8565570358667 987
1729.2680685141352 1044
1761.6795799924037 1157
1794.0910914706722 1236
1826.5026029489406 1191
1858.9141144272091 1313
1891.3256259054776 1438
1923.7371373837461 1468
1956.1486488620149 1538
1988.5601603402833 1606
2020.9716718185518 1653
2053.3831832968203 1784
2085.794694775089 1847
2118.2062062533573 2024
2150.617717731626 2045
2183.0292292098948 2100
2215.440740688163 2240
2247.8522521664318 2334
2280.2637636447 2448
2312.6752751229687 2533
2345.086786601237 2638
2377.4982980795057 2804
2409.9098095577738 2885
2442.3213210360427 2927
2474.732832514311 3089
2507.1443439925797 3072
2539.555855470848 3177
2571.9673669491167 3316
2604.378878427385 3323
2636.7903899056537 3302
2669.201901383922 3567
2701.6134128621907 3512
2734.0249243404596 3412
2766.4364358187277 3463
2798.8479472969966 3384
2831.2594587752646 3371
2863.6709702535336 3361
2896.0824817318016 3286
2928.4939932100706 3131
2960.905504688339 3152
2993.3170161666076 3006
3025.728527644876 3018
3058.1400391231446 2865
3090.551550601413 2683
3122.9630620796815 2553
3155.37457355795 2629
3187.7860850362185 2374
3220.197596514487 2276
3252.6091079927555 2231
3285.020619471024 2053
3317.4321309492925 1984
3349.8436424275615 1739
3382.25515390583 1708
3414.6666653840985 1631
3447.078176862367 1376
3479.4896883406354 1352
3511.901199818904 1241
3544.3127112971724 1171
3576.724222775441 1156
3609.1357342537094 1007
3641.547245731978 917
3673.9587572102464 824
3706.370268688515 855
3738.7817801667834 739
3771.193291645052 732
3803.6048031233204 626
3836.0163146015893 619
3868.427826079858 553
3900.8393375581263 506
3933.250849036395 502
3965.6623605146633 474
3998.073871992932 418
4030.4853834712003 390
4062.896894949469 366
4095.3084064277373 380
4127.719917906006 339
4160.131429384274 328
4192.542940862542 294
4224.954452340811 301
4257.36596381908 304
4289.777475297348 237
4322.188986775616 263
4354.600498253885 250
4387.012009732154 263
4419.423521210423 232
4451.835032688691 221
4484.246544166959 247
4516.658055645228 249
4549.069567123497 226
4581.481078601765 219
4613.892590080033 222
4646.304101558302 255
4678.715613036571 204
4711.127124514839 246
4743.538635993107 224
4775.950147471376 230
4808.361658949645 226
4840.773170427913 223
4873.184681906182 213
4905.59619338445 209
4938.007704862719 188
4970.419216340988 215
5002.830727819256 209
5035.242239297524 214
5067.653750775793 183
5100.065262254062 199
5132.47677373233 192
5164.888285210599 201
5197.299796688867 195
5229.711308167136 185
5262.122819645405 194
5294.534331123673 211
5326.945842601941 220
5359.35735408021 201
5391.768865558479 181
5424.180377036747 238
5456.591888515015 212
5489.003399993284 181
5521.414911471553 206
5553.826422949821 155
5586.237934428089 195
5618.649445906358 185
5651.060957384627 179
5683.472468862895 193
5715.883980341164 184
5748.295491819432 163
5780.707003297701 167
5813.11851477597 193
5845.530026254238 159
5877.941537732506 183
5910.353049210775 162
5942.764560689044 156
5975.176072167312 163
6007.58758364558 153
6039.999095123849 160
6072.410606602118 147
6104.822118080386 175
6137.233629558654 146
6169.645141036923 155
6202.056652515192 146
6234.468163993461 153
6266.879675471729 155
6299.291186949997 159
6331.702698428266 161
6364.114209906535 159
6396.525721384803 147
6428.937232863071 158
6461.34874434134 148
6493.760255819609 149
6526.171767297877 120
6558.583278776145 143
6590.994790254414 135
6623.406301732683 138
6655.817813210951 133
6688.2293246892195 116
6720.640836167488 131
6753.0523476457565 140
6785.4638591240255 129
6817.8753706022935 131
6850.286882080562 137
6882.6983935588305 134
6915.109905037099 111
6947.5214165153675 123
6979.9329279936355 131
7012.3444394719045 122
7044.755950950173 100
7077.1674624284415 125
7109.5789739067095 99
7141.9904853849785 127
7174.401996863247 105
7206.813508341515 123
7239.225019819784 99
7271.636531298052 122
7304.048042776321 119
7336.45955425459 90
7368.871065732858 126
7401.282577211126 133
7433.694088689395 112
7466.105600167664 120
7498.517111645932 114
7530.9286231242 116
7563.340134602469 126
7595.751646080738 118
7628.163157559006 112
7660.574669037274 115
7692.986180515543 103
7725.397691993812 110
7757.80920347208 103
7790.220714950349 104
7822.632226428617 93
7855.043737906886 95
7887.455249385155 117
7919.866760863423 121
7952.278272341691 100
7984.68978381996 125
8017.101295298229 104
8049.512806776497 112
8081.924318254765 102
8114.335829733034 93
8146.747341211303 100
8179.15885268957 97
8211.57036416784 82
8243.981875646108 110
8276.393387124377 85
8308.804898602644 94
8341.216410080913 96
8373.627921559182 94
8406.039433037451 76
8438.45094451572 82
8470.862455993987 90
8503.273967472256 108
8535.685478950525 87
8568.096990428792 93
8600.508501907061 74
8632.92001338533 72
8665.331524863599 81
8697.743036341868 83
8730.154547820135 77
8762.566059298404 106
8794.977570776673 80
8827.389082254942 94
8859.80059373321 109
8892.212105211478 86
8924.623616689747 91
8957.035128168016 90
8989.446639646285 96
9021.858151124552 70
9054.269662602821 75
9086.68117408109 80
9119.092685559357 79
9151.504197037626 72
9183.915708515895 71
9216.327219994164 76
9248.738731472431 87
9281.1502429507 58
9313.561754428969 71
9345.973265907238 80
9378.384777385505 60
9410.796288863774 80
9443.207800342043 63
9475.619311820312 62
9508.03082329858 67
9540.442334776848 77
9572.853846255117 60
9605.265357733386 66
9637.676869211653 72
9670.088380689922 47
9702.49989216819 50
9734.91140364646 65
9767.322915124729 66
9799.734426602996 52
9832.145938081265 70
9864.557449559534 61
9896.968961037803 64
9929.38047251607 60
9961.791983994339 59
9994.203495472608 56
10026.615006950877 57
10059.026518429146 48
10091.438029907413 54
10123.849541385682 55
10156.26105286395 62
10188.672564342218 67
10221.084075820487 61
10253.495587298756 55
10285.907098777025 64
10318.318610255294 60
10350.73012173356 74
10383.14163321183 60
10415.553144690099 58
10447.964656168368 64
10480.376167646635 56
10512.787679124904 55
10545.199190603173 47
10577.610702081442 55
10610.02221355971 63
10642.433725037978 52
10674.845236516247 53
10707.256747994516 58
10739.668259472783 50
10772.079770951052 56
10804.49128242932 43
10836.90279390759 57
10869.314305385858 53
10901.725816864127 54
10934.137328342395 58
10966.548839820663 58
10998.960351298932 56
11031.3718627772 48
11063.783374255469 51
11096.194885733737 55
11128.606397212006 55
11161.017908690275 52
11193.429420168542 56
11225.840931646811 53
11258.25244312508 53
11290.663954603348 51
11323.075466081616 43
11355.486977559885 46
11387.898489038154 46
11420.310000516423 42
11452.721511994692 51
11485.13302347296 66
11517.544534951228 54
11549.956046429497 51
11582.367557907764 62
11614.779069386033 49
11647.190580864302 49
11679.602092342571 55
11712.01360382084 54
11744.425115299107 50
11776.836626777376 50
11809.248138255645 56
11841.659649733912 57
11874.071161212181 65
11906.48267269045 57
11938.89418416872 65
11971.305695646988 38
12003.717207125257 50
12036.128718603524 43
12068.540230081793 36
12100.951741560062 41
12133.36325303833 51
12165.774764516598 58
12198.186275994867 47
12230.597787473136 59
12263.009298951405 51
12295.420810429672 40
12327.832321907941 48
12360.24383338621 54
12392.655344864479 39
12425.066856342746 43
12457.478367821015 43
12489.889879299284 52
12522.301390777553 38
12554.712902255822 50
12587.12441373409 47
12619.535925212358 53
12651.947436690627 54
12684.358948168894 43
12716.770459647163 53
12749.181971125432 40
12781.593482603701 45
12814.00499408197 55
12846.416505560237 44
12878.828017038506 54
12911.239528516775 57
12943.651039995044 53
12976.062551473311 41
13008.47406295158 50
13040.885574429849 50
13073.297085908118 50
13105.708597386387 36
13138.120108864654 44
13170.531620342923 52
13202.943131821192 46
13235.354643299459 40
13267.766154777728 51
13300.177666255997 35
13332.589177734266 53
13365.000689212535 44
13397.412200690802 45
13429.82371216907 33
13462.23522364734 51
13494.646735125609 44
13527.058246603876 59
13559.469758082145 38
13591.881269560414 54
13624.292781038683 55
13656.704292516952 42
13689.115803995219 53
13721.527315473488 41
13753.938826951757 42
13786.350338430024 47
13818.761849908293 38
13851.173361386562 50
13883.58487286483 50
13915.9963843431 47
13948.407895821367 42
13980.819407299636 51
14013.230918777905 44
14045.642430256174 32
14078.05394173444 45
14110.46545321271 51
14142.876964690979 44
14175.288476169248 51
14207.699987647517 45
14240.111499125784 55
14272.523010604053 46
14304.934522082322 35
14337.346033560589 56
14369.757545038858 49
14402.169056517127 50
14434.580567995396 46
14466.992079473664 53
14499.403590951932 38
14531.8151024302 30
14564.22661390847 46
14596.638125386738 46
14629.049636865006 45
14661.461148343275 49
14693.872659821543 32
14726.284171299812 34
14758.695682778081 46
14791.107194256349 47
14823.518705734617 35
14855.930217212886 37
14888.341728691154 38
14920.753240169422 40
14953.164751647691 53
14985.57626312596 40
15017.98777460423 58
15050.399286082498 28
15082.810797560765 45
15115.222309039034 36
15147.633820517303 46
15180.04533199557 39
15212.45684347384 43
15244.868354952108 43
15277.279866430377 42
15309.691377908646 43
15342.102889386913 47
15374.514400865182 47
15406.925912343451 43
15439.337423821718 33
15471.748935299987 43
15504.160446778256 34
15536.571958256525 35
15568.983469734794 34
15601.394981213063 38
15633.80649269133 42
15666.2180041696 28
15698.629515647868 33
15731.041027126135 33
15763.452538604404 39
15795.864050082673 30
15828.275561560942 36
15860.687073039211 40
15893.098584517478 37
15925.510095995747 34
15957.921607474016 26
15990.333118952283 41
16022.744630430552 39
16055.156141908821 29
16087.56765338709 30
16119.979164865359 35
16152.390676343628 39
16184.802187821895 35
16217.213699300164 22
16249.625210778433 25
16282.0367222567 36
16314.44823373497 33
16346.859745213238 28
16379.271256691507 23
16411.682768169776 22
16444.094279648045 25
16476.505791126314 29
16508.917302604583 27
16541.32881408285 34
16573.74032556112 19
16606.151837039386 26
16638.563348517655 24
16670.974859995924 22
16703.386371474193 30
16735.79788295246 29
16768.20939443073 32
16800.620905909 27
16833.032417387265 28
16865.443928865534 34
16897.855440343803 20
16930.266951822072 34
16962.67846330034 31
16995.08997477861 25
17027.50148625688 31
17059.912997735148 30
17092.324509213417 22
17124.736020691686 20
17157.14753216995 33
17189.55904364822 23
17221.97055512649 23
17254.382066604758 28
17286.793578083027 19
17319.205089561296 28
17351.616601039565 22
17384.028112517834 26
17416.439623996102 41
17448.851135474368 18
17481.262646952637 29
17513.674158430906 31
17546.085669909175 25
17578.497181387444 26
17610.908692865713 28
17643.32020434398 27
17675.73171582225 22
17708.14322730052 27
17740.55473877879 22
17772.966250257054 24
17805.377761735323 25
17837.78927321359 27
17870.20078469186 19
17902.61229617013 16
17935.0238076484 23
17967.435319126667 34
17999.846830604933 21
18032.2583420832 37
18064.66985356147 26
18097.08136503974 27
18129.49287651801 28
18161.904387996277 10
18194.315899474546 21
18226.727410952815 22
18259.138922431084 22
18291.550433909353 21
18323.96194538762 22
18356.373456865887 31
18388.784968344156 24
18421.196479822425 25
18453.607991300694 20
18486.019502778963 24
18518.431014257232 20
18550.842525735497 17
18583.254037213766 22
18615.665548692035 19
18648.077060170304 24
18680.488571648573 27
18712.900083126842 15
18745.31159460511 29
18777.72310608338 17
18810.13461756165 26
18842.546129039918 23
18874.957640518183 25
18907.369151996452 21
18939.78066347472 21
18972.19217495299 23
19004.60368643126 24
19037.015197909528 24
19069.426709387797 20
19101.838220866062 26
19134.24973234433 27
19166.6612438226 26
19199.07275530087 16
19231.484266779138 19
19263.895778257407 16
19296.307289735676 17
19328.718801213945 29
19361.130312692214 19
19393.541824170483 14
19425.953335648748 20
19458.364847127017 23
19490.776358605286 25
19523.187870083555 27
19555.599381561824 20
19588.010893040093 19
19620.422404518362 20
19652.833915996627 16
19685.245427474896 25
19717.656938953165 17
19750.068450431434 14
19782.479961909703 19
19814.891473387972 25
19847.30298486624 21
19879.71449634451 16
19912.12600782278 17
19944.537519301048 14
19976.949030779313 11
20009.360542257582 21
20041.77205373585 20
20074.18356521412 17
20106.59507669239 17
20139.006588170658 25
20171.418099648927 20
20203.829611127196 20
20236.24112260546 22
20268.65263408373 17
20301.064145562 15
20333.475657040268 16
20365.887168518537 11
20398.298679996806 14
20430.710191475075 25
20463.121702953344 19
20495.533214431613 18
20527.944725909878 17
20560.356237388147 24
20592.767748866416 18
20625.179260344685 13
20657.590771822954 17
20690.002283301223 17
20722.41379477949 24
20754.82530625776 20
20787.236817736026 17
20819.648329214295 19
20852.059840692564 19
20884.471352170833 19
20916.8828636491 10
20949.29437512737 14
20981.70588660564 22
21014.11739808391 26
21046.528909562177 19
21078.940421040443 11
21111.35193251871 21
21143.76344399698 26
21176.17495547525 19
21208.58646695352 19
21240.997978431787 27
21273.409489910056 20
21305.821001388325 16
21338.23251286659 19
21370.64402434486 20
21403.05553582313 22
21435.467047301398 20
21467.878558779666 15
21500.290070257935 18
21532.701581736204 16
21565.113093214473 19
21597.524604692742 19
21629.936116171008 18
21662.347627649277 14
21694.759139127545 9
21727.170650605814 13
21759.582162084083 18
21791.993673562352 28
21824.40518504062 19
21856.81669651889 13
21889.228207997156 13
21921.639719475424 20
21954.051230953693 27
21986.462742431962 22
22018.87425391023 21
22051.2857653885 23
22083.69727686677 18
22116.10878834504 35
22148.520299823307 9
22180.931811301572 26
22213.34332277984 13
22245.75483425811 22
22278.16634573638 23
22310.57785721465 19
22342.989368692917 20
22375.400880171186 26
22407.812391649455 16
22440.22390312772 25
22472.63541460599 17
22505.04692608426 14
22537.458437562527 14
22569.869949040796 13
22602.281460519065 20
22634.692971997334 16
22667.104483475603 12
22699.515994953872 13
22731.927506432137 18
22764.339017910406 20
22796.750529388675 17
22829.162040866944 21
22861.573552345213 26
22893.985063823482 11
22926.39657530175 13
22958.80808678002 23
22991.219598258285 26
23023.631109736554 19
23056.042621214823 13
23088.454132693092 19
23120.86564417136 15
23153.27715564963 13
23185.6886671279 19
23218.100178606168 20
23250.511690084437 25
23282.923201562702 24
23315.33471304097 23
23347.74622451924 14
23380.15773599751 14
23412.569247475778 14
23444.980758954047 20
23477.392270432316 20
23509.803781910585 9
23542.21529338885 13
23574.62680486712 17
23607.038316345388 21
23639.449827823657 20
23671.861339301926 16
23704.272850780195 28
23736.684362258464 21
23769.095873736733 18
23801.507385215 24
23833.91889669327 16
23866.330408171536 12
23898.741919649805 11
23931.153431128074 10
23963.564942606343 19
23995.97645408461 18
24028.38796556288 18
24060.79947704115 22
24093.210988519415 20
24125.622499997684 17
24158.034011475953 11
24190.44552295422 21
24222.85703443249 16
24255.26854591076 15
24287.68005738903 14
24320.091568867298 15
24352.503080345567 16
24384.914591823836 12
24417.3261033021 13
24449.73761478037 12
24482.14912625864 15
24514.560637736908 14
24546.972149215177 16
24579.383660693446 16
24611.795172171715 17
24644.20668364998 11
24676.61819512825 15
24709.029706606518 11
24741.441218084787 9
24773.852729563056 7
24806.264241041325 15
24838.675752519594 13
24871.087263997862 9
24903.49877547613 11
24935.9102869544 18
24968.321798432666 14
25000.733309910935 12
25033.144821389204 12
25065.556332867473 5
25097.96784434574 12
25130.37935582401 14
25162.79086730228 8
25195.202378780545 18
25227.613890258814 9
25260.025401737083 11
25292.43691321535 15
25324.84842469362 16
25357.25993617189 13
25389.67144765016 8
25422.082959128427 15
25454.494470606696 18
25486.905982084965 11
25519.31749356323 16
25551.7290050415 15
25584.14051651977 8
25616.552027998037 16
25648.963539476306 9
25681.375050954575 12
25713.786562432844 24
25746.19807391111 11
25778.60958538938 20
25811.021096867647 9
25843.432608345916 16
25875.844119824185 18
25908.255631302454 9
25940.667142780723 6
25973.078654258992 8
26005.49016573726 10
26037.90167721553 13
26070.313188693795 14
26102.724700172064 7
26135.136211650333 13
26167.547723128602 8
26199.95923460687 13
26232.37074608514 16
26264.78225756341 16
26297.193769041674 11
26329.605280519943 14
26362.016791998212 13
26394.42830347648 6
26426.83981495475 17
26459.25132643302 10
26491.662837911288 15
26524.074349389557 12
26556.485860867826 12
26588.897372346095 14
26621.30888382436 15
26653.72039530263 13
26686.131906780898 11
26718.543418259167 10
26750.954929737436 12
26783.366441215705 15
26815.777952693974 14
26848.18946417224 10
26880.60097565051 3
26913.012487128777 8
26945.423998607046 14
26977.835510085315 12
27010.247021563584 14
27042.658533041853 12
27075.070044520122 11
27107.48155599839 11
27139.89306747666 18
27172.304578954925 12
27204.716090433194 8
27237.127601911463 16
27269.539113389732 10
27301.950624868 14
27334.36213634627 12
27366.77364782454 12
27399.185159302804 14
27431.596670781073 21
27464.008182259342 9
27496.41969373761 15
27528.83120521588 13
27561.24271669415 16
27593.654228172418 6
27626.065739650687 12
27658.477251128956 9
27690.888762607225 10
27723.30027408549 10
27755.71178556376 6
27788.123297042028 16
27820.534808520297 8
27852.946319998566 12
27885.357831476835 10
27917.769342955104 20
27950.18085443337 14
27982.592365911638 14
28015.003877389907 13
28047.415388868176 11
28079.826900346445 10
28112.238411824714 12
28144.649923302983 13
28177.06143478125 8
28209.47294625952 12
28241.88445773779 10
28274.295969216055 10
28306.707480694324 10
28339.118992172593 14
28371.53050365086 13
28403.94201512913 15
28436.3535266074 10
28468.76503808567 10
28501.176549563937 13
28533.588061042203 7
28565.99957252047 5
28598.41108399874 8
28630.82259547701 7
28663.23410695528 8
28695.645618433547 10
28728.057129911816 9
28760.468641390085 12
28792.880152868354 3
28825.29166434662 9
28857.70317582489 8
28890.114687303158 3
28922.526198781427 13
28954.937710259695 14
28987.349221737964 14
29019.760733216233 11
29052.172244694502 14
29084.583756172768 9
29116.995267651037 11
29149.406779129306 11
29181.818290607574 10
29214.229802085843 10
29246.641313564112 14
29279.05282504238 9
29311.46433652065 9
29343.87584799892 15
29376.287359477185 17
29408.698870955453 15
29441.110382433722 9
29473.52189391199 11
29505.93340539026 9
29538.34491686853 5
29570.7564283468 5
29603.167939825067 6
29635.579451303332 5
29667.9909627816 15
29700.40247425987 12
29732.81398573814 5
29765.22549721641 4
29797.637008694677 10
29830.048520172946 10
29862.460031651215 13
29894.871543129484 14
29927.28305460775 11
29959.69456608602 12
29992.106077564287 6
30024.517589042556 8
30056.929100520825 5
30089.340611999094 5
30121.752123477363 11
30154.163634955632 3
30186.575146433897 10
30218.986657912166 7
30251.398169390435 9
30283.809680868704 9
30316.221192346973 5
30348.632703825242 7
30381.04421530351 14
30413.45572678178 11
30445.86723826005 8
30478.278749738314 9
30510.690261216583 6
30543.101772694852 5
30575.51328417312 7
30607.92479565139 3
30640.33630712966 12
30672.747818607928 8
30705.159330086197 10
30737.570841564462 10
30769.98235304273 9
30802.393864521 5
30834.80537599927 7
30867.216887477538 3
30899.628398955807 13
30932.039910434076 9
30964.451421912345 11
30996.862933390614 13
31029.27444486888 10
31061.685956347148 11
31094.097467825417 7
31126.508979303686 12
31158.920490781955 6
31191.332002260224 8
31223.743513738493 5
31256.15502521676 10
31288.566536695027 6
31320.978048173296 7
31353.389559651565 11
31385.801071129834 11
31418.212582608103 10
31450.62409408637 11
31483.03560556464 3
31515.44711704291 6
31547.85862852118 5
31580.270139999444 13
31612.681651477713 6
31645.093162955982 9
31677.50467443425 11
31709.91618591252 5
31742.32769739079 9
31774.739208869058 13
31807.150720347327 5
31839.562231825592 7
31871.97374330386 8
31904.38525478213 6
31936.7967662604 8
31969.208277738668 5
32001.619789216937 7
32034.031300695206 12
32066.442812173475 6
32098.854323651743 8
32131.265835130012 9
32163.677346608278 7
32196.088858086547 9
32228.500369564816 6
32260.911881043085 7
32293.323392521354 9
32325.734903999622 10
32358.14641547789 10
32390.557926956157 5
32422.969438434426 6
32455.380949912695 6
32487.792461390964 8
32520.203972869233 11
32552.6154843475 8
32585.02699582577 9
32617.43850730404 13
32649.85001878231 9
32682.261530260577 5
32714.673041738843 10
32747.08455321711 6
32779.496064695384 7
32811.907576173646 14
32844.31908765192 7
32876.730599130184 6
32909.14211060846 12
32941.55362208672 7
32973.96513356498 14
33006.37664504326 8
33038.78815652152 6
33071.1996679998 8
33103.61117947806 8
33136.022690956335 10
33168.4342024346 9
33200.84571391287 8
33233.257225391135 8
33265.66873686941 10
33298.08024834767 14
33330.49175982595 10
33362.90327130421 12
33395.31478278249 9
33427.72629426075 8
33460.137805739025 11
33492.54931721729 14
33524.96082869555 9
33557.372340173824 12
33589.783851652086 7
33622.19536313036 8
33654.606874608624 15
33687.0183860869 11
33719.42989756516 11
33751.84140904344 13
33784.2529205217 11
33816.664431999976 13
33849.07594347824 9
33881.487454956514 15
33913.898966434776 13
33946.31047791304 15
33978.72198939131 12
34011.133500869575 8
34043.54501234785 11
34075.95652382611 14
34108.36803530439 13
34140.77954678265 7
34173.19105826093 16
34205.60256973919 10
34238.014081217465 17
34270.42559269573 19
34302.837104174 17
34335.248615652265 12
34367.66012713054 10
34400.0716386088 16
34432.48315008708 15
34464.89466156534 14
34497.3061730436 18
34529.71768452188 16
34562.12919600014 16
34594.540707478416 18
34626.95221895668 11
34659.363730434954 17
34691.775241913216 13
34724.18675339149 21
34756.59826486975 14
34789.00977634803 17
34821.42128782629 16
34853.83279930457 19
34886.24431078283 23
34918.655822261106 16
34951.06733373937 14
34983.47884521764 22
35015.890356695905 30
35048.30186817417 10
35080.71337965244 18
35113.124891130705 12
35145.53640260898 22
35177.94791408724 23
35210.35942556552 25
35242.77093704378 13
35275.18244852206 22
35307.59396000032 24
35340.005471478595 20
35372.41698295686 23
35404.82849443513 18
35437.240005913394 20
35469.65151739167 21
35502.06302886993 20
35534.47454034821 15
35566.88605182647 17
35599.29756330473 15
35631.70907478301 23
35664.12058626127 14
35696.532097739546 19
35728.94360921781 16
35761.355120696084 27
35793.766632174345 20
35826.17814365262 14
35858.58965513088 19
35891.00116660916 17
35923.41267808742 19
35955.8241895657 24
35988.23570104396 18
36020.647212522235 19
36053.0587240005 19
36085.47023547877 22
36117.881746957035 22
36150.2932584353 29
36182.70476991357 18
36215.116281391834 14
36247.52779287011 17
36279.93930434837 22
36312.35081582665 32
36344.76232730491 18
36377.17383878319 24
36409.58535026145 10
36441.996861739724 19
36474.408373217986 12
36506.81988469626 22
36539.231396174524 13
36571.6429076528 22
36604.05441913106 18
36636.46593060934 22
36668.8774420876 15
36701.28895356586 14
36733.70046504414 17
36766.1119765224 8
36798.523488000676 15
36830.93499947894 17
36863.34651095721 23
36895.758022435475 17
36928.16953391375 14
36960.58104539201 15
36992.99255687029 18
37025.40406834855 26
37057.81557982683 23
37090.22709130509 14
37122.638602783365 20
37155.05011426163 15
37187.4616257399 12
37219.873137218165 12
37252.284648696426 12
37284.6961601747 8
37317.107671652964 9
37349.51918313124 16
37381.9306946095 20
37414.34220608778 11
37446.75371756604 11
37479.165229044316 18
37511.57674052258 13
37543.988252000854 11
37576.399763479116 14
37608.81127495739 10
37641.222786435654 8
37673.63429791393 13
37706.04580939219 15
37738.45732087047 14
37770.86883234873 13
37803.28034382699 11
37835.69185530527 9
37868.10336678353 6
37900.514878261805 8
37932.92638974007 11
37965.33790121834 10
37997.749412696605 6
38030.16092417488 10
38062.57243565314 5
38094.98394713142 9
38127.39545860968 7
38159.80697008796 8
38192.21848156622 3
38224.629993044495 9
38257.04150452276 10
38289.45301600103 9
38321.864527479294 7
38354.276038957556 4
38386.68755043583 4
38419.099061914094 5
38451.51057339237 6
38483.92208487063 3
38516.33359634891 7
38548.74510782717 9
38581.156619305446 10
38613.56813078371 10
38645.979642261984 7
38678.391153740245 4
38710.80266521852 5
38743.21417669678 11
38775.62568817506 10
38808.03719965332 6
38840.4487111316 9
38872.86022260986 4
38905.27173408813 4
38937.6832455664 4
38970.09475704466 8
39002.506268522935 8
39034.9177800012 6
39067.32929147947 13
39099.740802957735 4
39132.15231443601 4
39164.56382591427 1
39196.97533739255 6
39229.38684887081 2
39261.79836034909 6
39294.20987182735 5
39326.621383305624 3
39359.032894783886 2
39391.44440626216 1
39423.855917740424 2
39456.26742921869 2
39488.67894069696 5
39521.09045217522 2
39553.5019636535 5
39585.91347513176 3
39618.32498661004 4
39650.7364980883 4
39683.148009566576 3
39715.55952104484 1
39747.97103252311 5
39780.382544001375 6
39812.79405547965 5
39845.20556695791 6
39877.61707843619 4
39910.02858991445 3
39942.44010139273 6
39974.85161287099 6
40007.26312434926 1
40039.67463582753 4
40072.08614730579 5
40104.497658784065 5
40136.90917026233 6
40169.3206817406 6
40201.732193218864 4
40234.14370469714 3
40266.5552161754 3
40298.96672765368 7
40331.37823913194 4
40363.789750610216 6
40396.20126208848 4
40428.612773566754 3
40461.024285045016 8
40493.43579652329 3
40525.847308001554 4
40558.25881947982 1
40590.67033095809 3
40623.08184243635 5
40655.49335391463 3
40687.90486539289 1
40720.31637687117 4
40752.72788834943 3
40785.139399827705 5
40817.55091130597 3
40849.96242278424 2
40882.373934262505 4
40914.78544574078 6
40947.19695721904 4
40979.60846869732 1
41012.01998017558 1
41044.43149165386 7
41076.84300313212 2
41109.25451461039 2
41141.66602608866 2
41174.07753756692 4
41206.489049045194 3
41238.900560523456 3
41271.31207200173 5
41303.723583479994 7
41336.13509495827 4
41368.54660643653 3
41400.95811791481 2
41433.36962939307 3
41465.781140871346 5
41498.19265234961 2
41530.604163827884 3
41563.015675306146 3
41595.42718678442 4
41627.83869826268 0
41660.25020974095 1
41692.66172121922 4
41725.07323269748 6
41757.48474417576 8
41789.89625565402 4
41822.3077671323 7
41854.71927861056 3
41887.130790088835 2
41919.5423015671 2
41951.95381304537 5
41984.365324523635 4
42016.77683600191 2
42049.18834748017 2
42081.59985895845 4
42114.01137043671 2
42146.42288191499 3
42178.83439339325 3
42211.24590487152 1
42243.657416349786 1
42276.06892782805 5
42308.480439306324 4
42340.891950784586 3
42373.30346226286 4
42405.714973741124 5
42438.1264852194 4
42470.53799669766 6
42502.94950817594 6
42535.3610196542 7
42567.772531132476 5
42600.18404261074 3
42632.59555408901 1
42665.007065567275 1
42697.41857704555 6
42729.83008852381 0
42762.24160000208 2
42794.65311148035 6
42827.06462295861 2
42859.47613443689 5
42891.88764591515 4
42924.29915739343 4
42956.71066887169 4
42989.122180349965 3
43021.53369182823 6
43053.9452033065 6
43086.356714784764 3
43118.76822626304 3
43151.1797377413 5
43183.59124921958 3
43216.00276069784 2
43248.414272176116 6
43280.82578365438 4
43313.23729513265 2
43345.648806610916 1
43378.06031808918 7
43410.471829567454 1
43442.883341045715 3
43475.29485252399 5
43507.70636400225 2
43540.11787548053 1
43572.52938695879 3
43604.94089843707 3
43637.35240991533 4
43669.763921393605 4
43702.17543287187 3
43734.58694435014 5
43766.998455828405 3
43799.40996730668 0
43831.82147878494 2
43864.23299026321 5
43896.64450174148 2
43929.05601321974 3
43961.46752469802 2
43993.87903617628 1
44026.29054765456 4
44058.70205913282 6
44091.113570611094 5
44123.525082089356 1
44155.93659356763 3
44188.348105045894 1
44220.75961652417 7
44253.17112800243 5
44285.58263948071 0
44317.99415095897 0
44350.405662437246 5
44382.81717391551 1
44415.22868539378 1
44447.640196872046 5
44480.05170835031 1
44512.46321982858 3
44544.874731306845 5
44577.28624278512 2
44609.69775426338 2
44642.10926574166 2
44674.52077721992 4
44706.9322886982 1
44739.34380017646 2
44771.755311654735 4
44804.166823133 4
44836.57833461127 3
44868.989846089535 3
44901.40135756781 5
44933.81286904607 3
44966.22438052434 3
44998.63589200261 2
45031.04740348087 7
45063.45891495915 2
45095.87042643741 0
45128.281937915686 0
45160.69344939395 5
45193.104960872224 2
45225.516472350486 2
45257.92798382876 1
45290.339495307024 1
45322.7510067853 4
45355.16251826356 3
45387.57402974184 3
45419.9855412201 2
45452.397052698376 1
45484.80856417664 4
45517.22007565491 1
45549.631587133175 1
45582.04309861144 1
45614.45461008971 3
45646.866121567975 2
45679.27763304625 3
45711.68914452451 1
45744.10065600279 4
45776.51216748105 2
45808.92367895933 1
45841.33519043759 2
45873.746701915865 1
45906.15821339413 3
45938.5697248724 2
45970.981236350664 3
46003.39274782894 3
46035.8042593072 3
46068.21577078547 0
46100.62728226374 3
46133.038793742 1
46165.45030522028 1
46197.86181669854 3
46230.273328176816 1
46262.68483965508 0
46295.096351133354 2
46327.507862611616 4
46359.91937408989 4
46392.33088556815 4
46424.74239704643 4
46457.15390852469 2
46489.56542000297 3
46521.97693148123 2
46554.388442959505 3
46586.79995443777 3
46619.21146591604 3
46651.622977394305 2
46684.03448887257 2
46716.44600035084 1
46748.857511829105 2
46781.26902330738 2
46813.68053478564 0
46846.09204626392 6
46878.50355774218 3
46910.91506922046 0
46943.32658069872 2
46975.738092176995 2
47008.149603655256 4
47040.56111513353 1
47072.972626611794 1
47105.38413809007 2
47137.79564956833 2
47170.20716104661 1
47202.61867252487 2
47235.03018400313 0
47267.44169548141 0
47299.85320695967 1
47332.264718437946 0
47364.67622991621 0
47397.08774139448 0
47429.499252872745 0
47461.91076435102 0
47494.32227582928 4
47526.73378730756 2
47559.14529878582 1
47591.5568102641 1
47623.96832174236 1
47656.379833220635 1
47688.7913446989 3
47721.20285617717 0
47753.614367655435 2
47786.0258791337 0
47818.43739061197 1
47850.848902090234 2
47883.26041356851 2
47915.67192504677 2
47948.08343652505 1
47980.49494800331 0
48012.906459481586 0
48045.31797095985 1
48077.729482438124 2
48110.140993916386 1
48142.55250539466 1
48174.964016872924 3
48207.3755283512 1
48239.78703982946 1
48272.19855130774 2
48304.610062786 1
48337.02157426426 1
48369.43308574254 1
48401.8445972208 1
48434.256108699075 1
48466.66762017734 2
48499.07913165561 0
48531.490643133875 0
48563.90215461215 0
48596.31366609041 1
48628.72517756869 2
48661.13668904695 0
48693.54820052523 1
48725.95971200349 2
48758.371223481765 0
48790.78273496003 1
48823.1942464383 1
48855.605757916564 4
48888.017269394826 1
48920.4287808731 1
48952.840292351364 0
48985.25180382964 1
49017.6633153079 1
49050.07482678618 1
49082.48633826444 0
49114.897849742716 1
49147.30936122098 2
49179.720872699254 0
49212.132384177516 1
49244.54389565579 0
49276.95540713405 0
49309.36691861233 0
49341.77843009059 1
49374.18994156887 2
49406.60145304713 1
49439.01296452539 0
49471.42447600367 1
49503.83598748193 1
49536.247498960205 1
49568.65901043847 2
49601.07052191674 1
49633.482033395005 0
49665.89354487328 1
49698.30505635154 1
49730.71656782982 1
49763.12807930808 1
49795.53959078636 0
49827.95110226462 1
49860.362613742895 1
49892.774125221156 2
49925.18563669943 1
49957.597148177694 0
49990.008659655956 1
50022.42017113423 3
50054.831682612494 1
50087.24319409077 1
50119.65470556903 2
50152.06621704731 1
50184.47772852557 3
50216.889240003846 0
50249.30075148211 4
50281.712262960384 2
50314.123774438645 0
50346.53528591692 1
50378.94679739518 1
50411.35830887346 1
50443.76982035172 0
50476.18133183 1
50508.59284330826 4
50541.00435478652 1
50573.4158662648 1
50605.82737774306 1
50638.238889221335 1
50670.6504006996 1
50703.06191217787 0
50735.473423656134 1
50767.88493513441 2
50800.29644661267 5
50832.70795809095 3
50865.11946956921 1
50897.53098104749 1
50929.94249252575 1
50962.354004004024 1
50994.765515482286 1
51027.17702696056 3
51059.588538438824 2
51092.000049917086 0
51124.41156139536 1
51156.82307287362 2
51189.2345843519 2
51221.64609583016 3
51254.05760730844 2
51286.4691187867 0
51318.880630264975 3
51351.29214174324 3
51383.70365322151 0
51416.115164699775 0
51448.52667617805 5
51480.93818765631 3
51513.34969913459 3
51545.76121061285 2
51578.17272209113 3
51610.58423356939 1
51642.99574504765 2
51675.40725652593 1
51707.81876800419 0
51740.230279482465 7
51772.641790960726 2
51805.053302439 0
51837.464813917264 2
51869.87632539554 2
51902.2878368738 0
51934.69934835208 2
51967.11085983034 1
51999.522371308616 2
52031.93388278688 1
52064.345394265154 1
52096.756905743416 0
52129.16841722169 3
52161.57992869995 2
52193.991440178215 1
52226.40295165649 1
52258.81446313475 0
52291.22597461303 2
52323.63748609129 3
52356.04899756957 2
52388.46050904783 2
52420.872020526105 4
52453.28353200437 2
52485.69504348264 3
52518.106554960905 5
52550.51806643918 0
52582.92957791744 1
52615.34108939572 0
52647.75260087398 0
52680.16411235226 0
52712.57562383052 0
52744.98713530878 0
52777.398646787056 1
52809.81015826532 1
52842.221669743594 2
52874.633181221856 0
52907.04469270013 6
52939.456204178394 2
52971.86771565667 1
53004.27922713493 0
53036.69073861321 2
53069.10225009147 3
53101.513761569746 3
53133.92527304801 2
53166.336784526284 3
53198.748296004545 2
53231.15980748282 1
53263.57131896108 2
53295.982830439345 4
53328.39434191762 1
53360.80585339588 0
53393.21736487416 1
53425.62887635242 2
53458.0403878307 5
53490.45189930896 0
53522.863410787235 1
53555.2749222655 3
53587.68643374377 6
53620.097945222034 0
53652.50945670031 3
53684.92096817857 1
53717.33247965685 1
53749.74399113511 2
53782.15550261339 1
53814.56701409165 1
53846.97852556991 2
53879.390037048186 0
53911.80154852645 0
53944.213060004724 2
53976.624571482986 2
54009.03608296126 1
54041.44759443952 3
54073.8591059178 2
54106.27061739606 1
54138.68212887434 1
54171.0936403526 0
54203.505151830876 3
54235.91666330914 1
54268.32817478741 3
54300.739686265675 3
54333.15119774395 3
54365.56270922221 3
54397.974220700475 0
54430.38573217875 0
54462.79724365701 1
54495.20875513529 0
54527.62026661355 2
54560.03177809183 1
54592.44328957009 1
54624.854801048365 1
54657.266312526626 2
54689.6778240049 2
54722.089335483164 0
54754.50084696144 6
54786.9123584397 1
54819.32386991798 0
54851.73538139624 0
54884.146892874516 2
54916.55840435278 1
54948.96991583104 1
54981.381427309316 2
55013.79293878758 2
55046.204450265854 0
55078.615961744115 4
55111.02747322239 2
55143.43898470065 0
55175.85049617893 0
55208.26200765719 4
55240.67351913547 0
55273.08503061373 2
55305.496542092005 0
55337.90805357027 2
55370.31956504854 1
55402.731076526805 1
55435.14258800508 0
55467.55409948334 1
55499.96561096161 1
55532.37712243988 3
55564.78863391814 5
55597.20014539642 0
55629.61165687468 0
55662.02316835296 3
55694.43467983122 1
55726.846191309494 1
55759.257702787756 2
55791.66921426603 2
55824.080725744294 1
55856.49223722257 1
55888.90374870083 2
55921.31526017911 1
55953.72677165737 0
55986.138283135646 1
56018.54979461391 1
56050.96130609218 2
56083.372817570445 3
56115.78432904871 2
56148.19584052698 0
56180.607352005245 1
56213.01886348352 1
56245.43037496178 0
56277.84188644006 2
56310.25339791832 2
56342.6649093966 6
56375.07642087486 1
56407.487932353135 0
56439.8994438314 1
56472.31095530967 2
56504.722466787935 4
56537.13397826621 0
56569.54548974447 2
56601.95700122274 0
56634.36851270101 0
56666.78002417927 0
56699.19153565755 1
56731.60304713581 2
56764.014558614086 0
56796.42607009235 1
56828.837581570624 0
56861.249093048886 2
56893.66060452716 2
56926.07211600542 2
56958.4836274837 0
56990.89513896196 0
57023.30665044024 2
57055.7181619185 2
57088.129673396776 0
57120.54118487504 1
57152.952696353306 0
57185.364207831575 0
57217.77571930984 4
57250.18723078811 1
57282.598742266375 0
57315.01025374465 0
57347.42176522291 0
57379.83327670119 3
57412.24478817945 0
57444.65629965773 1
57477.06781113599 1
57509.479322614265 2
57541.890834092526 2
57574.3023455708 1
57606.713857049064 0
57639.12536852734 3
57671.5368800056 1
57703.94839148387 2
57736.35990296214 1
57768.7714144404 0
57801.18292591868 2
57833.59443739694 1
57866.005948875216 2
57898.41746035348 0
57930.828971831754 1
57963.240483310015 2
57995.65199478829 1
58028.06350626655 1
58060.47501774483 0
58092.88652922309 2
58125.29804070137 2
58157.70955217963 4
58190.121063657905 2
58222.53257513617 1
58254.944086614436 2
58287.355598092705 0
58319.76710957097 1
58352.17862104924 3
58384.590132527504 1
58417.00164400578 2
58449.41315548404 4
58481.82466696232 4
58514.23617844058 4
58546.64768991886 5
58579.05920139712 0
58611.470712875394 4
58643.882224353656 4
58676.29373583193 5
58708.705247310194 6
58741.11675878847 4
58773.52827026673 6
58805.939781745 10
58838.35129322327 11
58870.76280470153 6
58903.17431617981 22
58935.58582765807 25
58967.997339136346 24
59000.40885061461 38
59032.82036209288 27
59065.231873571145 36
59097.64338504942 38
59130.05489652768 39
59162.46640800596 25
59194.87791948422 25
59227.2894309625 31
59259.70094244076 24
59292.112453919035 11
59324.5239653973 10
59356.935476875566 7
59389.346988353835 10
59421.758499832096 5
59454.17001131037 4
59486.581522788634 6
59518.99303426691 3
59551.40454574517 2
59583.81605722345 1
59616.22756870171 5
59648.639080179986 2
59681.05059165825 1
59713.462103136524 2
59745.873614614786 5
59778.28512609306 3
59810.696637571324 0
59843.1081490496 1
59875.51966052786 3
59907.93117200613 5
59940.3426834844 1
59972.75419496266 4
60005.16570644094 4
60037.5772179192 4
60069.988729397475 8
60102.40024087574 2
60134.81175235401 5
60167.223263832275 3
60199.63477531055 3
60232.04628678881 7
60264.45779826709 6
60296.86930974535 6
60329.28082122363 7
60361.69233270189 7
60394.103844180165 8
60426.51535565843 12
60458.926867136695 7
60491.338378614964 2
60523.749890093226 10
60556.1614015715 5
60588.572913049764 7
60620.98442452804 11
60653.3959360063 3
60685.80744748458 3
60718.21895896284 5
60750.630470441116 6
60783.04198191938 9
60815.453493397654 8
60847.865004875915 10
60880.27651635419 14
60912.68802783245 4
60945.09953931073 6
60977.51105078899 10
61009.92256226726 18
61042.33407374553 13
61074.74558522379 20
61107.15709670207 30
61139.56860818033 26
61171.980119658605 84
61204.39163113687 258
61236.80314261514 284
61269.214654093405 93
61301.62616557168 6
61334.03767704994 0
61366.44918852822 0
61398.86070000648 0
61431.27221148476 0
61463.68372296302 0
61496.095234441294 0
61528.506745919556 0
61560.918257397825 0
61593.329768876094 0
61625.741280354356 0
61658.15279183263 0
61690.56430331089 0
61722.97581478917 0
61755.38732626743 0
61787.79883774571 0
61820.21034922397 0
61852.621860702246 0
61885.03337218051 0
61917.44488365878 0
61949.856395137045 0
61982.26790661532 0
62014.67941809358 0
62047.09092957186 0
62079.50244105012 0
62111.91395252839 0
62144.32546400666 0
62176.73697548492 0
62209.1484869632 0
62241.55999844146 0
62273.971509919735 0
62306.383021397996 0
62338.79453287627 0
62371.206044354534 0
62403.61755583281 0
62436.02906731107 0
62468.44057878935 0
62500.85209026761 0
62533.263601745886 0
62565.67511322415 0
62598.086624702424 0
62630.498136180686 0
62662.909647658955 0
62695.321159137224 0
62727.732670615485 0
62760.14418209376 0
62792.55569357202 0
62824.9672050503 0
62857.37871652856 0
62889.79022800684 0
62922.2017394851 0
62954.613250963375 0
62987.02476244164 0
63019.43627391991 0
63051.847785398175 0
63084.25929687645 0
63116.67080835471 0
63149.08231983299 0
63181.49383131125 0
63213.90534278953 0
63246.31685426779 0
63278.72836574605 0
63311.13987722433 0
63343.55138870259 0
63375.962900180864 0
63408.374411659126 0
63440.7859231374 0
63473.197434615664 0
63505.60894609394 0
63538.0204575722 0
63570.43196905048 0
63602.84348052874 0
63635.254992007016 0
63667.66650348528 0
63700.078014963554 0
63732.489526441816 0
63764.90103792009 0
63797.31254939835 0
63829.724060876615 0
63862.13557235489 0
63894.54708383315 0
63926.95859531143 0
63959.37010678969 0
63991.78161826797 0
64024.19312974623 0
64056.604641224505 0
64089.01615270277 0
64121.42766418104 0
64153.839175659305 0
64186.25068713758 0
64218.66219861584 0
64251.07371009412 0
64283.48522157238 0
64315.89673305066 0
64348.30824452892 0
64380.71975600718 0
64413.131267485456 0
64445.54277896372 0
64477.954290441994 0
64510.365801920256 0
64542.77731339853 0
64575.188824876794 0
64607.60033635507 0
64640.01184783333 0
64672.42335931161 0
64704.83487078987 0
64737.246382268146 0
64769.65789374641 0
64802.06940522468 0
64834.480916702945 0
64866.89242818122 0
64899.30393965948 0
64931.715451137745 0
64964.12696261602 0
64996.53847409428 0
65028.94998557256 0
65061.36149705082 0
65093.7730085291 0
65126.18452000736 0
65158.596031485635 0
65191.0075429639 0
65223.41905444217 0
65255.830565920434 0
65288.24207739871 0
65320.65358887697 0
65353.06510035525 0
65385.47661183351 0
65417.888123311786 0
65450.29963479005 0
65482.71114626831 0
65515.122657746586 0
65547.53416922485 0
65579.94568070312 0
65612.3571921814 0
65644.76870365966 0
65677.18021513792 0
65709.5917266162 0
65742.00323809448 0
65774.41474957274 0
65806.826261051 0
65839.23777252928 0
65871.64928400755 0
65904.06079548581 0
65936.47230696407 0
65968.88381844235 0
66001.29532992063 0
66033.70684139887 0
66066.11835287715 0
66098.52986435543 0
66130.94137583369 0
66163.35288731195 0
66195.76439879023 0
66228.1759102685 0
66260.58742174676 0
66292.99893322503 0
66325.4104447033 0
66357.82195618158 0
66390.23346765984 0
66422.6449791381 0
66455.05649061638 0
66487.46800209465 0
66519.87951357292 0
66552.29102505118 0
66584.70253652945 0
66617.11404800773 0
66649.52555948599 0
66681.93707096425 0
66714.34858244253 0
66746.7600939208 0
66779.17160539907 0
66811.58311687733 0
66843.9946283556 0
66876.40613983387 0
66908.81765131213 0
66941.2291627904 0
66973.64067426868 0
67006.05218574694 0
67038.4636972252 0
67070.87520870348 0
67103.28672018176 0
67135.69823166002 0
67168.10974313828 0
67200.52125461656 0
67232.93276609483 0
67265.3442775731 0
67297.75578905136 0
67330.16730052963 0
67362.57881200791 1
