# TIME: 181.159983632 s
# Channel Counts
1014.8369958282276 3659
1044.4853018452009 3095
1074.133607862174 2525
1103.7819138791474 2383
1133.4302198961204 2182
1163.078525913094 1879
1192.726831930067 1907
1222.3751379470405 1785
1252.0234439640135 1862
1281.671749980987 1761
1311.32005599796 1873
1340.9683620149333 1831
1370.6166680319066 1827
1400.2649740488796 1894
1429.913280065853 1950
1459.5615860828261 1900
1489.2098920997996 1896
1518.8581981167727 2012
1548.5065041337461 2001
1578.1548101507192 2035
1607.8031161676925 2053
1637.4514221846657 2042
1667.099728201639 2031
1696.7480342186122 1996
1726.3963402355853 1997
1756.0446462525588 2109
1785.6929522695318 2107
1815.3412582865053 2127
1844.9895643034783 2082
1874.6378703204518 2119
1904.2861763374249 2150
1933.9344823543981 2091
1963.5827883713714 2161
1993.2310943883447 2146
2022.879400405318 2115
2052.527706422291 2201
2082.1760124392645 2162
2111.8243184562375 2139
2141.472624473211 2162
2171.120930490184 2135
2200.769236507157 2110
2230.4175425241306 2167
2260.065848541104 2222
2289.714154558077 2126
2319.36246057505 2176
2349.0107665920236 2169
2378.659072608997 2001
2408.30737862597 2109
2437.955684642943 2114
2467.6039906599162 2158
2497.2522966768897 2175
2526.900602693863 2096
2556.5489087108363 2125
2586.1972147278093 2132
2615.845520744783 2143
2645.4938267617563 2087
2675.1421327787293 2060
2704.7904387957024 2019
2734.438744812676 2053
2764.087050829649 2124
2793.7353568466224 2203
2823.3836628635954 2072
2853.0319688805685 2090
2882.680274897542 2204
2912.3285809145154 2087
2941.9768869314885 2140
2971.6251929484615 2180
3001.273498965435 2181
3030.9218049824085 2103
3060.5701109993815 2170
3090.2184170163546 2213
3119.8667230333276 2097
3149.515029050301 2111
3179.1633350672746 2146
3208.8116410842476 2104
3238.4599471012207 2068
3268.1082531181937 2165
3297.756559135167 2106
3327.4048651521407 2177
3357.0531711691137 2060
3386.701477186087 2206
3416.3497832030603 2173
3445.9980892200338 2186
3475.646395237007 2153
3505.29470125398 2136
3534.9430072709533 2160
3564.5913132879264 2287
3594.2396193049 2236
3623.887925321873 2145
3653.536231338846 2231
3683.1845373558194 2244
3712.832843372793 2303
3742.481149389766 2273
3772.129455406739 2293
3801.7777614237125 2166
3831.426067440686 2330
3861.074373457659 2250
3890.722679474632 2315
3920.370985491605 2398
3950.0192915085786 2273
3979.667597525552 2282
4009.315903542525 2312
4038.964209559498 2361
4068.6125155764717 2370
4098.260821593445 2315
4127.909127610419 2337
4157.557433627391 2376
4187.205739644365 2466
4216.854045661337 2361
4246.502351678311 2350
4276.150657695285 2340
4305.798963712257 2402
4335.447269729231 2405
4365.095575746204 2415
4394.743881763177 2371
4424.392187780151 2435
4454.040493797123 2467
4483.688799814097 2380
4513.33710583107 2356
4542.985411848043 2419
4572.633717865017 2382
4602.2820238819895 2372
4631.9303298989635 2361
4661.578635915937 2291
4691.2269419329095 2369
4720.8752479498835 2340
4750.5235539668565 2351
4780.17185998383 2310
4809.8201660008035 2278
4839.468472017776 2328
4869.11677803475 2274
4898.765084051723 2285
4928.413390068696 2350
4958.06169608567 2180
4987.710002102642 2271
5017.358308119616 2232
5047.00661413659 2241
5076.654920153562 2216
5106.303226170536 2260
5135.951532187509 2246
5165.599838204482 2207
5195.248144221456 2171
5224.896450238428 2171
5254.544756255402 2141
5284.193062272376 2172
5313.841368289348 2065
5343.489674306322 2050
5373.137980323295 2078
5402.786286340268 1988
5432.434592357242 2062
5462.082898374214 2028
5491.731204391188 2034
5521.379510408161 2028
5551.027816425134 1921
5580.676122442108 1925
5610.32442845908 1962
5639.972734476054 1940
5669.621040493028 1935
5699.26934651 1880
5728.917652526974 1865
5758.565958543946 1856
5788.21426456092 1825
5817.862570577894 1847
5847.510876594866 1817
5877.15918261184 1881
5906.807488628813 1771
5936.455794645786 1835
5966.10410066276 1836
5995.752406679732 1819
6025.400712696706 1810
6055.04901871368 1843
6084.697324730652 1806
6114.345630747626 1739
6143.993936764598 1676
6173.642242781572 1777
6203.290548798546 1796
6232.938854815518 1764
6262.587160832492 1655
6292.235466849465 1749
6321.883772866438 1699
6351.532078883412 1592
6381.1803849003845 1647
6410.8286909173585 1614
6440.4769969343315 1670
6470.125302951305 1655
6499.7736089682785 1654
6529.421914985251 1695
6559.070221002225 1700
6588.7185270191985 1639
6618.366833036171 1609
6648.015139053145 1605
6677.663445070118 1634
6707.311751087091 1599
6736.960057104065 1636
6766.608363121037 1573
6796.256669138011 1629
6825.904975154984 1656
6855.553281171957 1616
6885.201587188931 1626
6914.849893205903 1583
6944.498199222877 1525
6974.146505239851 1526
7003.794811256823 1528
7033.443117273797 1506
7063.091423290769 1473
7092.739729307743 1556
7122.388035324717 1510
7152.036341341689 1534
7181.684647358663 1526
7211.332953375636 1537
7240.981259392609 1520
7270.629565409583 1497
7300.277871426555 1466
7329.926177443529 1539
7359.574483460502 1490
7389.222789477475 1448
7418.871095494449 1517
7448.519401511421 1505
7478.167707528395 1535
7507.816013545369 1508
7537.464319562341 1439
7567.112625579315 1408
7596.760931596288 1444
7626.409237613261 1414
7656.057543630235 1438
7685.705849647207 1430
7715.354155664181 1388
7745.002461681154 1452
7774.650767698127 1468
7804.299073715101 1493
7833.947379732073 1367
7863.595685749047 1401
7893.243991766021 1491
7922.892297782993 1301
7952.540603799967 1389
7982.1889098169395 1385
8011.837215833913 1398
8041.485521850887 1403
8071.1338278678595 1429
8100.7821338848335 1391
8130.4304399018065 1338
8160.0787459187795 1378
8189.727051935753 1413
8219.375357952726 1407
8249.0236639697 1428
8278.671969986674 1390
8308.320276003646 1325
8337.968582020618 1329
8367.616888037592 1322
8397.265194054566 1326
8426.91350007154 1330
8456.561806088512 1353
8486.210112105484 1363
8515.858418122458 1416
8545.506724139432 1402
8575.155030156406 1383
8604.803336173378 1366
8634.45164219035 1363
8664.099948207324 1303
8693.748254224298 1316
8723.396560241272 1265
8753.044866258244 1427
8782.693172275218 1304
8812.34147829219 1299
8841.989784309164 1351
8871.638090326138 1332
8901.28639634311 1370
8930.934702360084 1322
8960.583008377056 1332
8990.23131439403 1352
9019.879620411004 1271
9049.527926427976 1389
9079.17623244495 1291
9108.824538461922 1337
9138.472844478896 1328
9168.12115049587 1363
9197.769456512844 1360
9227.417762529814 1408
9257.066068546788 1355
9286.714374563762 1367
9316.362680580736 1383
9346.010986597708 1294
9375.659292614682 1339
9405.307598631654 1339
9434.955904648628 1311
9464.604210665602 1408
9494.252516682574 1354
9523.900822699548 1378
9553.54912871652 1306
9583.197434733494 1361
9612.845740750468 1328
9642.49404676744 1334
9672.142352784414 1367
9701.790658801387 1400
9731.43896481836 1348
9761.087270835334 1397
9790.735576852308 1376
9820.38388286928 1355
9850.032188886253 1370
9879.680494903227 1429
9909.3288009202 1327
9938.977106937175 1417
9968.625412954147 1337
9998.273718971119 1312
10027.922024988093 1370
10057.570331005067 1356
10087.21863702204 1397
10116.866943039013 1388
10146.515249055987 1366
10176.163555072959 1379
10205.811861089933 1412
10235.460167106907 1343
10265.108473123879 1374
10294.756779140853 1424
10324.405085157825 1374
10354.053391174799 1412
10383.701697191773 1315
10413.350003208745 1415
10442.998309225719 1388
10472.646615242691 1364
10502.294921259665 1336
10531.943227276639 1358
10561.591533293611 1313
10591.239839310585 1363
10620.888145327557 1389
10650.536451344531 1310
10680.184757361505 1391
10709.833063378479 1345
10739.481369395451 1384
10769.129675412423 1395
10798.777981429397 1372
10828.426287446371 1404
10858.074593463345 1305
10887.722899480317 1468
10917.37120549729 1399
10947.019511514263 1393
10976.667817531237 1389
11006.316123548211 1428
11035.964429565183 1382
11065.612735582157 1378
11095.26104159913 1444
11124.909347616103 1413
11154.557653633077 1318
11184.20595965005 1360
11213.854265667023 1335
11243.502571683995 1333
11273.15087770097 1411
11302.799183717943 1417
11332.447489734916 1290
11362.09579575189 1357
11391.744101768862 1289
11421.392407785836 1358
11451.04071380281 1340
11480.689019819782 1341
11510.337325836756 1304
11539.985631853728 1362
11569.633937870702 1301
11599.282243887676 1321
11628.93054990465 1363
11658.578855921622 1341
11688.227161938594 1373
11717.875467955568 1289
11747.523773972542 1249
11777.172079989516 1226
11806.820386006488 1286
11836.46869202346 1289
11866.116998040434 1291
11895.765304057408 1249
11925.413610074382 1188
11955.061916091354 1348
11984.710222108328 1260
12014.3585281253 1226
12044.006834142274 1302
12073.655140159248 1286
12103.30344617622 1219
12132.951752193194 1230
12162.600058210166 1245
12192.24836422714 1286
12221.896670244114 1257
12251.544976261086 1200
12281.19328227806 1219
12310.841588295032 1144
12340.489894312006 1193
12370.13820032898 1196
12399.786506345954 1199
12429.434812362926 1203
12459.083118379898 1214
12488.731424396872 1191
12518.379730413846 1174
12548.02803643082 1232
12577.676342447792 1228
12607.324648464764 1198
12636.972954481738 1220
12666.621260498712 1235
12696.269566515686 1194
12725.917872532658 1279
12755.56617854963 1245
12785.214484566604 1116
12814.862790583578 1249
12844.511096600552 1200
12874.159402617524 1251
12903.807708634498 1230
12933.45601465147 1227
12963.104320668444 1215
12992.752626685418 1315
13022.40093270239 1264
13052.049238719364 1295
13081.697544736337 1314
13111.34585075331 1304
13140.994156770284 1244
13170.642462787257 1393
13200.29076880423 1406
13229.939074821203 1317
13259.587380838177 1364
13289.23568685515 1409
13318.883992872125 1354
13348.532298889097 1443
13378.180604906069 1418
13407.828910923043 1441
13437.477216940017 1359
13467.12552295699 1476
13496.773828973963 1522
13526.422134990935 1478
13556.070441007909 1471
13585.718747024883 1575
13615.367053041857 1524
13645.015359058829 1599
13674.663665075801 1730
13704.311971092775 1748
13733.960277109749 1809
13763.608583126723 1720
13793.256889143695 1888
13822.905195160669 1835
13852.553501177641 2003
13882.201807194615 2019
13911.850113211589 1949
13941.498419228561 2136
13971.146725245535 2150
14000.795031262507 2321
14030.443337279481 2377
14060.091643296455 2438
14089.739949313427 2532
14119.388255330401 2631
14149.036561347373 2645
14178.684867364347 2755
14208.333173381321 2773
14237.981479398295 2914
14267.629785415267 3135
14297.27809143224 3141
14326.926397449213 3232
14356.574703466187 3352
14386.223009483161 3553
14415.871315500133 3598
14445.519621517105 3782
14475.16792753408 3842
14504.816233551053 3977
14534.464539568027 4211
14564.112845585 4331
14593.761151601972 4499
14623.409457618945 4575
14653.05776363592 4691
14682.706069652893 4912
14712.354375669865 5300
14742.00268168684 5252
14771.650987703812 5403
14801.299293720785 5714
14830.94759973776 5903
14860.595905754732 6063
14890.244211771706 6221
14919.892517788678 6467
14949.540823805652 6549
14979.189129822626 6870
15008.837435839598 6983
15038.485741856572 7216
15068.134047873544 7409
15097.782353890518 7500
15127.430659907492 7769
15157.078965924466 8037
15186.727271941438 8197
15216.37557795841 8543
15246.023883975384 8756
15275.672189992358 8798
15305.320496009332 9037
15334.968802026304 9292
15364.617108043276 9443
15394.26541406025 9418
15423.913720077224 9870
15453.562026094198 9835
15483.21033211117 9934
15512.858638128144 10259
15542.506944145116 10564
15572.15525016209 10692
15601.803556179064 10664
15631.451862196036 10761
15661.10016821301 10960
15690.748474229982 11280
15720.396780246956 11428
15750.04508626393 11376
15779.693392280902 11384
15809.341698297876 11780
15838.990004314848 11335
15868.638310331822 11752
15898.286616348796 11809
15927.934922365768 11798
15957.583228382742 11842
15987.231534399714 11887
16016.879840416688 11847
16046.528146433662 11855
16076.176452450636 11942
16105.824758467608 12152
16135.47306448458 11930
16165.121370501554 11853
16194.769676518528 11898
16224.417982535502 12000
16254.066288552474 11935
16283.714594569446 11809
16313.36290058642 11520
16343.011206603394 11544
16372.659512620368 11384
16402.30781863734 11247
16431.956124654316 11291
16461.604430671287 11122
16491.252736688264 10879
16520.901042705234 11005
16550.549348722205 10911
16580.197654739182 10816
16609.845960756153 10537
16639.49426677313 10469
16669.1425727901 10341
16698.79087880707 9800
16728.43918482405 10003
16758.08749084102 9633
16787.735796857996 9523
16817.384102874967 9359
16847.032408891937 9218
16876.680714908915 8965
16906.329020925885 8581
16935.977326942862 8467
16965.625632959833 8390
16995.273938976807 8074
17024.92224499378 7981
17054.57055101075 7733
17084.21885702773 7638
17113.8671630447 7185
17143.515469061673 6991
17173.163775078647 7005
17202.812081095617 6520
17232.460387112595 6451
17262.108693129565 6283
17291.75699914654 5994
17321.405305163513 5775
17351.053611180483 5626
17380.70191719746 5577
17410.35022321443 5319
17439.99852923141 4970
17469.64683524838 4865
17499.29514126535 4846
17528.943447282327 4445
17558.591753299297 4377
17588.240059316275 4202
17617.888365333245 3991
17647.53667135022 3879
17677.184977367193 3751
17706.833283384163 3591
17736.48158940114 3425
17766.12989541811 3264
17795.778201435085 3226
17825.42650745206 3055
17855.07481346903 2863
17884.723119486007 2788
17914.371425502977 2608
17944.01973151995 2512
17973.668037536925 2383
18003.316343553895 2351
18032.964649570873 2180
18062.612955587843 2073
18092.261261604817 1995
18121.90956762179 1849
18151.55787363876 1776
18181.20617965574 1694
18210.85448567271 1641
18240.502791689683 1539
18270.151097706657 1485
18299.799403723628 1363
18329.447709740605 1259
18359.096015757576 1256
18388.74432177455 1171
18418.392627791523 1159
18448.040933808494 1057
18477.68923982547 1020
18507.33754584244 954
18536.98585185942 868
18566.63415787639 853
18596.28246389336 797
18625.930769910337 768
18655.579075927308 672
18685.227381944285 672
18714.875687961256 653
18744.523993978226 601
18774.172299995204 594
18803.820606012174 493
18833.46891202915 488
18863.11721804612 507
18892.765524063092 468
18922.41383008007 466
18952.06213609704 421
18981.710442114017 365
19011.358748130988 378
19041.007054147958 339
19070.655360164936 329
19100.303666181906 354
19129.951972198884 310
19159.600278215854 309
19189.248584232824 259
19218.8968902498 243
19248.545196266772 228
19278.19350228375 218
19307.84180830072 210
19337.490114317694 232
19367.138420334668 204
19396.78672635164 185
19426.435032368616 184
19456.083338385586 164
19485.73164440256 160
19515.379950419534 147
19545.028256436504 144
19574.676562453482 152
19604.324868470452 149
19633.973174487426 138
19663.6214805044 115
19693.26978652137 117
19722.918092538348 135
19752.56639855532 131
19782.214704572292 103
19811.863010589266 110
19841.511316606237 125
19871.159622623214 109
19900.807928640184 87
19930.45623465716 96
19960.104540674132 86
19989.752846691103 89
20019.40115270808 99
20049.04945872505 93
20078.697764742024 93
20108.346070759 79
20137.99437677597 80
20167.642682792946 80
20197.290988809917 71
20226.939294826894 79
20256.587600843864 88
20286.235906860835 75
20315.884212877812 71
20345.532518894783 69
20375.18082491176 75
20404.82913092873 71
20434.4774369457 64
20464.12574296268 62
20493.77404897965 63
20523.422354996626 73
20553.070661013597 59
20582.718967030567 61
20612.367273047545 69
20642.015579064515 44
20671.663885081492 54
20701.312191098463 77
20730.960497115433 66
20760.60880313241 59
20790.25710914938 67
20819.90541516636 56
20849.55372118333 60
20879.2020272003 43
20908.850333217277 63
20938.498639234247 54
20968.146945251225 40
20997.795251268195 43
21027.443557285165 59
21057.091863302143 54
21086.740169319113 58
21116.38847533609 63
21146.03678135306 45
21175.685087370035 44
21205.33339338701 42
21234.98169940398 53
21264.630005420957 50
21294.278311437927 49
21323.9266174549 37
21353.574923471875 52
21383.223229488845 59
21412.871535505823 57
21442.519841522793 42
21472.168147539767 58
21501.81645355674 46
21531.46475957371 51
21561.11306559069 50
21590.76137160766 50
21620.409677624633 42
21650.057983641607 46
21679.706289658578 59
21709.354595675555 55
21739.002901692525 47
21768.6512077095 47
21798.299513726473 43
21827.947819743444 52
21857.59612576042 45
21887.24443177739 43
21916.892737794366 53
21946.54104381134 47
21976.18934982831 39
22005.837655845287 59
22035.485961862258 52
22065.134267879235 58
22094.782573896206 50
22124.430879913176 51
22154.079185930153 44
22183.727491947124 46
22213.3757979641 37
22243.02410398107 40
22272.672409998042 47
22302.32071601502 55
22331.96902203199 43
22361.617328048967 37
22391.265634065938 31
22420.913940082908 42
22450.562246099886 37
22480.210552116856 42
22509.858858133834 46
22539.507164150804 39
22569.155470167774 47
22598.80377618475 31
22628.452082201722 61
22658.1003882187 57
22687.74869423567 38
22717.39700025264 46
22747.045306269618 50
22776.693612286588 42
22806.341918303566 43
22835.990224320536 41
22865.638530337506 50
22895.286836354484 51
22924.935142371454 43
22954.583448388432 45
22984.231754405402 56
23013.880060422376 35
23043.52836643935 34
23073.17667245632 40
23102.824978473298 32
23132.47328449027 34
23162.121590507242 41
23191.769896524216 43
23221.418202541186 50
23251.066508558164 38
23280.714814575134 36
23310.36312059211 35
23340.011426609082 42
23369.659732626053 44
23399.30803864303 37
23428.95634466 49
23458.604650676974 46
23488.25295669395 29
23517.90126271092 40
23547.549568727896 41
23577.197874744867 34
23606.84618076184 39
23636.494486778814 42
23666.142792795785 35
23695.791098812762 33
23725.439404829733 43
23755.08771084671 40
23784.73601686368 45
23814.38432288065 38
23844.03262889763 35
23873.6809349146 39
23903.329240931576 40
23932.977546948547 38
23962.625852965517 42
23992.274158982495 38
24021.922464999465 28
24051.570771016442 50
24081.219077033413 27
24110.867383050383 32
24140.51568906736 37
24170.16399508433 31
24199.81230110131 34
24229.46060711828 36
24259.10891313525 36
24288.757219152227 29
24318.405525169197 40
24348.053831186175 43
24377.702137203145 48
24407.350443220115 38
24436.998749237093 23
24466.647055254063 40
24496.29536127104 44
24525.94366728801 28
24555.59197330498 32
24585.24027932196 33
24614.88858533893 32
24644.536891355907 35
24674.185197372877 37
24703.83350338985 39
24733.481809406825 37
24763.130115423795 31
24792.778421440773 38
24822.426727457743 39
24852.075033474717 43
24881.72333949169 33
24911.37164550866 41
24941.01995152564 47
24970.66825754261 27
25000.316563559583 47
25029.964869576557 35
25059.613175593528 35
25089.261481610505 37
25118.909787627475 26
25148.55809364445 32
25178.206399661423 41
25207.854705678394 35
25237.50301169537 28
25267.15131771234 29
25296.799623729315 35
25326.44792974629 25
25356.09623576326 27
25385.744541780237 34
25415.392847797208 29
25445.04115381418 42
25474.689459831156 36
25504.337765848126 29
25533.986071865103 32
25563.634377882074 31
25593.28268389905 21
25622.93098991602 37
25652.579295932992 26
25682.22760194997 35
25711.87590796694 32
25741.524213983917 27
25771.172520000888 39
25800.820826017858 28
25830.469132034836 24
25860.117438051806 27
25889.765744068784 34
25919.414050085754 28
25949.062356102724 31
25978.7106621197 23
26008.358968136672 31
26038.00727415365 36
26067.65558017062 33
26097.30388618759 36
26126.952192204568 32
26156.600498221538 33
26186.248804238516 29
26215.897110255486 23
26245.545416272456 25
26275.193722289434 31
26304.842028306404 29
26334.490334323382 28
26364.138640340352 32
26393.786946357322 31
26423.4352523743 34
26453.08355839127 26
26482.731864408248 31
26512.38017042522 34
26542.028476442192 26
26571.676782459166 29
26601.325088476136 38
26630.973394493114 33
26660.621700510084 30
26690.27000652706 29
26719.918312544032 36
26749.566618561003 39
26779.21492457798 36
26808.86323059495 26
26838.511536611924 36
26868.1598426289 24
26897.80814864587 35
26927.456454662846 29
26957.104760679817 27
26986.75306669679 34
27016.401372713764 38
27046.049678730735 28
27075.697984747712 25
27105.346290764683 29
27134.994596781657 25
27164.64290279863 24
27194.2912088156 31
27223.93951483258 29
27253.58782084955 29
27283.236126866523 27
27312.884432883497 41
27342.532738900467 30
27372.181044917445 32
27401.829350934415 22
27431.477656951392 24
27461.125962968363 24
27490.774268985333 26
27520.42257500231 32
27550.07088101928 26
27579.71918703626 29
27609.36749305323 28
27639.0157990702 29
27668.664105087177 27
27698.312411104147 33
27727.960717121125 30
27757.609023138095 28
27787.257329155065 21
27816.905635172043 33
27846.553941189013 24
27876.20224720599 32
27905.85055322296 32
27935.49885923993 26
27965.14716525691 26
27994.79547127388 19
28024.443777290857 31
28054.092083307827 23
28083.740389324797 34
28113.388695341775 19
28143.037001358745 23
28172.685307375723 30
28202.333613392693 33
28231.981919409664 30
28261.63022542664 21
28291.27853144361 32
28320.92683746059 48
28350.57514347756 25
28380.223449494533 21
28409.871755511507 22
28439.520061528478 22
28469.168367545455 20
28498.816673562425 26
28528.4649795794 21
28558.113285596373 35
28587.761591613344 33
28617.40989763032 23
28647.05820364729 24
28676.706509664265 22
28706.35481568124 32
28736.00312169821 20
28765.651427715187 18
28795.299733732158 20
28824.94803974913 31
28854.596345766106 28
28884.244651783076 36
28913.892957800053 35
28943.541263817024 28
28973.189569833998 35
29002.83787585097 40
29032.486181867942 26
29062.13448788492 30
29091.78279390189 28
29121.431099918867 27
29151.079405935838 17
29180.727711952808 42
29210.376017969786 33
29240.024323986756 23
29269.672630003734 29
29299.320936020704 24
29328.969242037674 29
29358.61754805465 24
29388.265854071622 33
29417.9141600886 24
29447.56246610557 28
29477.21077212254 31
29506.859078139518 28
29536.507384156488 30
29566.155690173466 24
29595.803996190436 26
29625.452302207406 31
29655.100608224384 26
29684.748914241354 22
29714.39722025833 35
29744.045526275302 24
29773.693832292272 40
29803.34213830925 28
29832.99044432622 40
29862.638750343198 21
29892.28705636017 33
29921.93536237714 25
29951.583668394116 21
29981.231974411086 29
30010.880280428064 30
30040.528586445034 37
30070.17689246201 32
30099.825198478982 34
30129.473504495953 36
30159.12181051293 28
30188.7701165299 28
30218.418422546874 26
30248.06672856385 30
30277.71503458082 34
30307.363340597796 23
30337.011646614767 22
30366.65995263174 28
30396.308258648714 30
30425.956564665685 36
30455.604870682662 30
30485.253176699633 25
30514.901482716607 37
30544.54978873358 32
30574.19809475055 21
30603.84640076753 28
30633.4947067845 35
30663.143012801473 32
30692.791318818447 33
30722.439624835417 25
30752.087930852394 34
30781.736236869365 16
30811.38454288634 31
30841.032848903313 16
30870.681154920283 20
30900.32946093726 19
30929.97776695423 34
30959.62607297121 24
30989.27437898818 21
31018.92268500515 25
31048.570991022127 30
31078.219297039097 19
31107.867603056075 23
31137.515909073045 24
31167.164215090015 34
31196.812521106993 23
31226.460827123963 30
31256.10913314094 26
31285.75743915791 26
31315.40574517488 23
31345.05405119186 34
31374.70235720883 30
31404.350663225807 34
31433.998969242777 25
31463.647275259747 26
31493.295581276725 22
31522.943887293695 28
31552.592193310673 32
31582.240499327643 23
31611.888805344614 24
31641.53711136159 24
31671.18541737856 26
31700.83372339554 25
31730.48202941251 31
31760.13033542948 24
31789.778641446457 25
31819.426947463427 24
31849.075253480405 32
31878.723559497375 26
31908.37186551435 25
31938.020171531323 20
31967.668477548294 28
31997.31678356527 24
32026.96508958224 20
32056.613395599215 28
32086.26170161619 24
32115.91000763316 27
32145.558313650137 26
32175.206619667108 19
32204.85492568408 19
32234.503231701055 24
32264.151537718026 26
32293.799843735003 25
32323.448149751974 19
32353.096455768948 21
32382.74476178592 24
32412.393067802892 26
32442.04137381987 17
32471.68967983684 20
32501.337985853814 19
32530.986291870788 15
32560.634597887758 24
32590.282903904736 16
32619.931209921706 17
32649.57951593868 29
32679.227821955654 23
32708.876127972624 22
32738.5244339896 28
32768.17274000657 19
32797.82104602354 32
32827.46935204052 21
32857.11765805749 16
32886.76596407447 22
32916.41427009144 20
32946.06257610841 30
32975.710882125386 25
33005.359188142356 21
33035.007494159334 20
33064.655800176304 20
33094.304106193274 24
33123.95241221025 22
33153.60071822722 20
33183.2490242442 23
33212.89733026117 24
33242.54563627814 22
33272.19394229512 18
33301.84224831209 21
33331.490554329066 14
33361.13886034604 13
33390.78716636301 20
33420.435472379984 23
33450.083778396955 23
33479.73208441393 16
33509.3803904309 22
33539.02869644787 20
33568.67700246485 17
33598.32530848182 14
33627.9736144988 18
33657.62192051577 13
33687.27022653274 22
33716.91853254972 14
33746.56683856669 19
33776.215144583664 17
33805.863450600635 17
33835.511756617605 13
33865.16006263458 17
33894.80836865156 24
33924.45667466853 18
33954.1049806855 15
33983.75328670247 19
34013.40159271945 18
34043.049898736426 22
34072.6982047534 22
34102.34651077037 13
34131.994816787344 21
34161.643122804315 19
34191.29142882129 22
34220.93973483826 21
34250.58804085523 19
34280.23634687221 15
34309.88465288918 20
34339.53295890616 17
34369.18126492313 13
34398.8295709401 23
34428.47787695708 21
34458.12618297405 15
34487.774488991025 14
34517.422795007995 19
34547.071101024965 21
34576.71940704194 28
34606.36771305891 29
34636.01601907589 17
34665.66432509286 15
34695.31263110983 20
34724.96093712681 16
34754.60924314378 10
34784.25754916076 17
34813.90585517773 13
34843.5541611947 24
34873.202467211675 17
34902.850773228645 16
34932.49907924562 21
34962.14738526259 23
34991.79569127956 14
35021.44399729654 25
35051.09230331351 15
35080.74060933049 22
35110.38891534746 19
35140.03722136443 13
35169.68552738141 16
35199.33383339838 22
35228.982139415355 24
35258.630445432325 19
35288.278751449296 18
35317.92705746627 15
35347.57536348324 19
35377.22366950022 23
35406.87197551719 21
35436.52028153416 19
35466.16858755114 13
35495.81689356811 22
35525.46519958509 11
35555.11350560206 12
35584.76181161903 17
35614.410117636005 15
35644.058423652976 20
35673.70672966995 16
35703.355035686924 21
35733.003341703894 11
35762.65164772087 22
35792.29995373784 20
35821.94825975482 14
35851.59656577179 18
35881.24487178876 16
35910.89317780574 13
35940.541483822715 22
35970.189789839686 14
35999.838095856656 12
36029.486401873626 22
36059.134707890604 13
36088.78301390758 12
36118.43131992455 19
36148.07962594152 17
36177.72793195849 22
36207.37623797547 17
36237.02454399245 25
36266.67285000942 13
36296.32115602639 19
36325.96946204336 15
36355.617768060336 13
36385.26607407731 16
36414.914380094284 15
36444.562686111254 17
36474.210992128224 18
36503.8592981452 20
36533.50760416218 16
36563.15591017915 18
36592.80421619612 9
36622.45252221309 21
36652.10082823007 20
36681.749134247046 19
36711.397440264016 18
36741.045746280986 20
36770.69405229796 22
36800.342358314934 13
36829.99066433191 20
36859.63897034888 22
36889.28727636585 14
36918.93558238282 13
36948.5838883998 13
36978.23219441678 13
37007.88050043375 9
37037.52880645072 14
37067.17711246769 18
37096.82541848467 14
37126.473724501644 12
37156.122030518614 12
37185.770336535585 16
37215.418642552555 7
37245.06694856953 8
37274.71525458651 11
37304.36356060348 14
37334.01186662045 13
37363.66017263742 15
37393.3084786544 12
37422.956784671376 9
37452.60509068835 17
37482.25339670532 11
37511.90170272229 10
37541.550008739265 7
37571.19831475624 14
37600.84662077321 8
37630.49492679018 10
37660.14323280716 11
37689.79153882413 8
37719.43984484111 13
37749.08815085808 16
37778.73645687505 10
37808.38476289203 13
37838.033068909 8
37867.681374925975 9
37897.329680942945 11
37926.977986959915 11
37956.62629297689 8
37986.27459899386 9
38015.92290501084 9
38045.57121102781 7
38075.21951704478 12
38104.86782306176 8
38134.51612907873 8
38164.16443509571 4
38193.81274111268 9
38223.46104712965 14
38253.109353146625 8
38282.757659163595 6
38312.40596518057 14
38342.05427119754 7
38371.70257721451 10
38401.35088323149 5
38430.99918924846 5
38460.64749526544 11
38490.29580128241 6
38519.94410729938 6
38549.59241331636 6
38579.24071933333 6
38608.889025350305 2
38638.537331367275 8
38668.185637384246 8
38697.83394340122 5
38727.48224941819 3
38757.13055543517 3
38786.77886145214 3
38816.42716746911 7
38846.07547348609 5
38875.72377950306 5
38905.37208552004 6
38935.02039153701 4
38964.66869755398 3
38994.317003570955 6
39023.965309587926 4
39053.6136156049 5
39083.26192162187 2
39112.910227638844 3
39142.55853365582 4
39172.20683967279 5
39201.85514568977 4
39231.50345170674 4
39261.15175772371 8
39290.80006374069 6
39320.44836975766 4
39350.096675774636 3
39379.744981791606 4
39409.393287808576 4
39439.041593825554 3
39468.68989984253 9
39498.3382058595 4
39527.98651187647 6
39557.63481789344 7
39587.28312391042 6
39616.9314299274 3
39646.57973594437 5
39676.22804196134 6
39705.87634797831 4
39735.524653995286 6
39765.17296001226 3
39794.821266029234 6
39824.469572046204 2
39854.117878063174 7
39883.76618408015 2
39913.41449009713 3
39943.0627961141 3
39972.71110213107 3
40002.35940814804 6
40032.00771416502 7
40061.656020181996 3
40091.304326198966 3
40120.952632215936 2
40150.60093823291 5
40180.249244249884 3
40209.89755026686 1
40239.54585628383 5
40269.1941623008 4
40298.84246831777 5
40328.49077433475 3
40358.13908035173 2
40387.7873863687 3
40417.43569238567 4
40447.08399840264 2
40476.73230441962 2
40506.380610436594 4
40536.028916453564 4
40565.677222470535 4
40595.325528487505 6
40624.97383450448 3
40654.62214052146 3
40684.27044653843 6
40713.9187525554 2
40743.56705857237 1
40773.21536458935 4
40802.863670606326 3
40832.5119766233 0
40862.16028264027 2
40891.80858865724 3
40921.456894674215 3
40951.10520069119 3
40980.75350670816 4
41010.40181272513 3
41040.0501187421 0
41069.69842475908 4
41099.34673077606 4
41128.99503679303 4
41158.64334281 3
41188.29164882697 1
41217.93995484395 6
41247.588260860924 2
41277.236566877895 6
41306.884872894865 0
41336.53317891184 5
41366.18148492881 4
41395.82979094579 8
41425.47809696276 4
41455.12640297973 4
41484.77470899671 8
41514.42301501368 5
41544.07132103066 6
41573.71962704763 5
41603.3679330646 7
41633.016239081575 2
41662.664545098545 2
41692.31285111552 3
41721.96115713249 4
41751.60946314946 6
41781.25776916644 1
41810.90607518341 3
41840.55438120039 2
41870.20268721736 4
41899.85099323433 4
41929.49929925131 2
41959.14760526828 2
41988.795911285255 6
42018.444217302225 9
42048.092523319196 3
42077.74082933617 4
42107.38913535314 2
42137.03744137012 3
42166.68574738709 4
42196.33405340406 6
42225.98235942104 4
42255.63066543801 4
42285.27897145499 1
42314.92727747196 5
42344.57558348893 5
42374.223889505905 3
42403.872195522876 6
42433.52050153985 1
42463.16880755682 6
42492.817113573794 3
42522.46541959077 3
42552.11372560774 5
42581.76203162472 0
42611.41033764169 2
42641.05864365866 2
42670.70694967564 5
42700.35525569261 7
42730.003561709585 2
42759.651867726556 3
42789.300173743526 3
42818.948479760504 4
42848.596785777474 5
42878.24509179445 6
42907.89339781142 6
42937.54170382839 2
42967.19000984537 3
42996.83831586235 3
43026.48662187932 5
43056.13492789629 4
43085.78323391326 3
43115.431539930236 4
43145.07984594721 2
43174.728151964184 2
43204.376457981154 7
43234.024763998124 2
43263.6730700151 3
43293.32137603208 1
43322.96968204905 5
43352.61798806602 3
43382.26629408299 2
43411.91460009997 2
43441.562906116946 1
43471.211212133916 1
43500.859518150886 8
43530.50782416786 4
43560.156130184834 2
43589.80443620181 1
43619.45274221878 3
43649.10104823575 3
43678.74935425272 2
43708.3976602697 3
43738.04596628668 2
43767.69427230365 4
43797.34257832062 3
43826.99088433759 3
43856.63919035457 6
43886.287496371544 3
43915.935802388514 5
43945.584108405485 2
43975.232414422455 2
44004.88072043943 4
44034.52902645641 0
44064.17733247338 6
44093.82563849035 7
44123.47394450732 3
44153.1222505243 1
44182.770556541276 4
44212.41886255825 2
44242.06716857522 3
44271.71547459219 2
44301.363780609165 2
44331.01208662614 2
44360.66039264311 2
44390.30869866008 4
44419.95700467705 1
44449.60531069403 0
44479.25361671101 1
44508.90192272798 1
44538.55022874495 3
44568.19853476192 2
44597.8468407789 0
44627.495146795874 3
44657.143452812845 2
44686.791758829815 1
44716.440064846785 2
44746.08837086376 4
44775.73667688074 3
44805.38498289771 5
44835.03328891468 2
44864.68159493166 3
44894.32990094863 4
44923.97820696561 1
44953.62651298258 4
44983.27481899955 1
45012.923125016525 4
45042.571431033495 0
45072.21973705047 1
45101.86804306744 3
45131.51634908441 6
45161.16465510139 2
45190.81296111836 3
45220.46126713534 2
45250.10957315231 2
45279.75787916928 2
45309.40618518626 1
45339.05449120323 0
45368.702797220205 2
45398.351103237175 1
45427.999409254146 2
45457.64771527112 1
45487.29602128809 2
45516.94432730507 1
45546.59263332204 4
45576.24093933901 1
45605.88924535599 3
45635.53755137296 2
45665.18585738994 2
45694.83416340691 2
45724.48246942388 0
45754.130775440855 2
45783.779081457826 1
45813.4273874748 3
45843.07569349177 5
45872.723999508744 1
45902.37230552572 0
45932.02061154269 1
45961.66891755967 3
45991.31722357664 1
46020.96552959361 1
46050.61383561059 1
46080.26214162756 3
46109.910447644535 2
46139.558753661506 2
46169.207059678476 2
46198.855365695454 2
46228.503671712424 1
46258.1519777294 2
46287.80028374637 0
46317.44858976334 2
46347.09689578032 0
46376.74520179729 2
46406.39350781427 0
46436.04181383124 1
46465.69011984821 0
46495.338425865186 2
46524.98673188216 1
46554.635037899134 1
46584.283343916104 1
46613.931649933074 3
46643.57995595005 1
46673.22826196703 3
46702.876567984 0
46732.52487400097 2
46762.17318001794 4
46791.82148603492 1
46821.469792051896 0
46851.118098068866 2
46880.766404085836 2
46910.41471010281 3
46940.063016119784 1
46969.71132213676 2
46999.35962815373 1
47029.0079341707 1
47058.65624018767 1
47088.30454620465 1
47117.95285222163 2
47147.6011582386 0
47177.24946425557 1
47206.89777027254 1
47236.546076289516 2
47266.194382306494 0
47295.842688323464 3
47325.490994340435 0
47355.139300357405 0
47384.78760637438 1
47414.43591239136 2
47444.08421840833 1
47473.7325244253 0
47503.38083044227 1
47533.02913645925 2
47562.677442476226 1
47592.3257484932 1
47621.97405451017 0
47651.62236052714 2
47681.270666544115 1
47710.91897256109 0
47740.56727857806 0
47770.21558459503 1
47799.863890612 0
47829.51219662898 1
47859.16050264596 0
47888.80880866293 0
47918.4571146799 1
47948.10542069687 1
47977.75372671385 1
48007.402032730824 0
48037.050338747795 2
48066.698644764765 1
48096.346950781735 0
48125.99525679871 3
48155.64356281569 1
48185.29186883266 2
48214.94017484963 0
48244.5884808666 2
48274.23678688358 2
48303.88509290056 1
48333.53339891753 0
48363.1817049345 2
48392.830010951475 3
48422.478316968445 1
48452.12662298542 5
48481.77492900239 0
48511.42323501936 0
48541.07154103634 0
48570.71984705331 0
48600.36815307029 4
48630.01645908726 1
48659.66476510423 1
48689.31307112121 0
48718.96137713818 1
48748.609683155155 1
48778.257989172125 0
48807.906295189096 2
48837.55460120607 0
48867.20290722304 1
48896.85121324002 3
48926.49951925699 1
48956.14782527396 1
48985.79613129094 1
49015.44443730791 3
49045.09274332489 0
49074.74104934186 1
49104.38935535883 1
49134.037661375805 0
49163.685967392776 1
49193.33427340975 1
49222.98257942672 3
49252.630885443694 1
49282.27919146067 0
49311.92749747764 1
49341.57580349462 2
49371.22410951159 2
49400.87241552856 3
49430.52072154554 0
49460.16902756251 1
49489.817333579485 0
49519.465639596456 2
49549.113945613426 1
49578.7622516304 2
49608.410557647374 3
49638.05886366435 0
49667.70716968132 0
49697.35547569829 1
49727.00378171527 1
49756.65208773224 1
49786.30039374922 2
49815.94869976619 1
49845.59700578316 2
49875.245311800136 2
49904.893617817106 2
49934.541923834084 0
49964.190229851054 0
49993.838535868024 0
50023.486841885 0
50053.13514790197 1
50082.78345391895 0
50112.43175993592 2
50142.08006595289 0
50171.72837196987 0
50201.376677986846 1
50231.024984003816 2
50260.673290020786 1
50290.32159603776 1
50319.969902054734 1
50349.61820807171 2
50379.26651408868 1
50408.91482010565 2
50438.56312612262 0
50468.2114321396 0
50497.85973815658 0
50527.50804417355 0
50557.15635019052 1
50586.80465620749 0
50616.452962224466 1
50646.101268241444 2
50675.749574258414 1
50705.397880275385 1
50735.046186292355 0
50764.69449230933 1
50794.34279832631 0
50823.99110434328 3
50853.63941036025 0
50883.28771637722 4
50912.9360223942 0
50942.584328411176 2
50972.23263442815 1
51001.88094044512 0
51031.52924646209 2
51061.177552479065 1
51090.82585849604 1
51120.47416451301 0
51150.12247052998 4
51179.77077654695 0
51209.41908256393 2
51239.06738858091 0
51268.71569459788 2
51298.36400061485 1
51328.01230663182 3
51357.6606126488 3
51387.308918665774 2
51416.957224682745 0
51446.605530699715 1
51476.253836716685 1
51505.90214273366 3
51535.55044875064 1
51565.19875476761 0
51594.84706078458 1
51624.49536680155 0
51654.14367281853 1
51683.79197883551 4
51713.44028485248 1
51743.08859086945 1
51772.73689688642 1
51802.385202903395 4
51832.03350892037 1
51861.68181493734 4
51891.33012095431 2
51920.97842697129 5
51950.62673298826 1
51980.27503900524 0
52009.92334502221 3
52039.57165103918 1
52069.21995705616 1
52098.86826307313 1
52128.516569090105 1
52158.164875107075 1
52187.813181124046 1
52217.46148714102 1
52247.10979315799 2
52276.75809917497 0
52306.40640519194 1
52336.05471120891 2
52365.70301722589 1
52395.35132324286 5
52424.99962925984 2
52454.64793527681 2
52484.29624129378 0
52513.944547310755 1
52543.592853327726 2
52573.2411593447 1
52602.88946536167 0
52632.537771378644 1
52662.18607739562 2
52691.83438341259 1
52721.48268942957 2
52751.13099544654 4
52780.77930146351 1
52810.42760748049 3
52840.07591349746 2
52869.724219514435 2
52899.372525531406 1
52929.020831548376 2
52958.66913756535 1
52988.317443582324 0
53017.9657495993 2
53047.61405561627 1
53077.26236163324 0
53106.91066765022 1
53136.55897366719 1
53166.20727968417 1
53195.85558570114 2
53225.50389171811 3
53255.152197735086 0
53284.800503752056 1
53314.448809769034 0
53344.097115786004 1
53373.745421802974 0
53403.39372781995 2
53433.04203383692 1
53462.6903398539 2
53492.33864587087 3
53521.98695188784 2
53551.63525790482 2
53581.28356392179 1
53610.931869938766 3
53640.580175955736 1
53670.22848197271 0
53699.876787989684 1
53729.52509400666 3
53759.17340002363 2
53788.8217060406 1
53818.47001205757 0
53848.11831807455 2
53877.76662409153 1
53907.4149301085 1
53937.06323612547 0
53966.71154214244 2
53996.359848159416 3
54026.008154176394 1
54055.656460193364 0
54085.304766210334 3
54114.953072227305 1
54144.60137824428 1
54174.24968426126 1
54203.89799027823 0
54233.5462962952 1
54263.19460231217 4
54292.84290832915 0
54322.491214346126 0
54352.1395203631 1
54381.78782638007 1
54411.43613239704 2
54441.084438414015 1
54470.73274443099 0
54500.38105044796 3
54530.02935646493 3
54559.6776624819 1
54589.32596849888 2
54618.97427451586 1
54648.62258053283 3
54678.2708865498 4
54707.91919256677 3
54737.56749858375 0
54767.215804600724 2
54796.864110617695 0
54826.512416634665 2
54856.160722651635 4
54885.80902866861 1
54915.45733468559 1
54945.10564070256 0
54974.75394671953 2
55004.4022527365 0
55034.05055875348 0
55063.69886477046 1
55093.34717078743 1
55122.9954768044 1
55152.64378282137 1
55182.292088838345 5
55211.94039485532 1
55241.58870087229 0
55271.23700688926 1
55300.88531290623 1
55330.53361892321 2
55360.18192494019 0
55389.83023095716 1
55419.47853697413 1
55449.1268429911 1
55478.77514900808 1
55508.423455025055 0
55538.071761042025 0
55567.720067058995 2
55597.36837307597 2
55627.01667909294 0
55656.66498510992 0
55686.31329112689 1
55715.96159714386 0
55745.60990316084 0
55775.25820917781 2
55804.90651519479 0
55834.55482121176 1
55864.20312722873 0
55893.851433245705 1
55923.499739262676 0
55953.14804527965 0
55982.79635129662 0
56012.444657313594 0
56042.09296333057 0
56071.74126934754 1
56101.38957536452 0
56131.03788138149 2
56160.68618739846 0
56190.33449341544 2
56219.98279943241 2
56249.631105449385 2
56279.279411466356 1
56308.927717483326 0
56338.5760235003 1
56368.224329517274 0
56397.87263553425 1
56427.52094155122 1
56457.16924756819 1
56486.81755358517 1
56516.46585960214 1
56546.11416561912 0
56575.76247163609 0
56605.41077765306 0
56635.059083670036 1
56664.707389687006 1
56694.355695703984 0
56724.004001720954 2
56753.652307737924 1
56783.3006137549 1
56812.94891977187 2
56842.59722578885 2
56872.24553180582 0
56901.89383782279 0
56931.54214383977 1
56961.19044985674 0
56990.838755873716 1
57020.487061890686 1
57050.13536790766 1
57079.783673924634 1
57109.431979941604 1
57139.08028595858 1
57168.72859197555 1
57198.37689799252 0
57228.0252040095 0
57257.67351002648 1
57287.32181604345 0
57316.97012206042 1
57346.61842807739 0
57376.266734094366 3
57405.915040111344 2
57435.563346128314 1
57465.211652145284 1
57494.859958162255 1
57524.50826417923 0
57554.15657019621 2
57583.80487621318 2
57613.45318223015 1
57643.10148824712 3
57672.7497942641 2
57702.398100281076 3
57732.046406298046 3
57761.69471231502 1
57791.34301833199 2
57820.991324348965 2
57850.63963036594 3
57880.28793638291 1
57909.93624239988 0
57939.58454841685 1
57969.23285443383 0
57998.88116045081 1
58028.52946646778 0
58058.17777248475 1
58087.82607850172 1
58117.4743845187 2
58147.122690535674 0
58176.770996552645 2
58206.419302569615 4
58236.067608586585 0
58265.71591460356 1
58295.36422062054 3
58325.01252663751 1
58354.66083265448 2
58384.30913867145 0
58413.95744468843 3
58443.60575070541 1
58473.25405672238 2
58502.90236273935 1
58532.55066875632 7
58562.198974773295 2
58591.84728079027 3
58621.49558680724 4
58651.14389282421 5
58680.79219884118 9
58710.44050485816 5
58740.08881087514 7
58769.73711689211 9
58799.38542290908 12
58829.03372892605 12
58858.68203494303 10
58888.330340960005 15
58917.978646976975 21
58947.626952993945 30
58977.275259010916 23
59006.92356502789 24
59036.57187104487 38
59066.22017706184 24
59095.86848307881 33
59125.51678909579 40
59155.16509511276 29
59184.81340112974 24
59214.46170714671 31
59244.11001316368 20
59273.758319180655 16
59303.406625197626 9
59333.0549312146 8
59362.70323723157 9
59392.351543248544 6
59421.99984926552 1
59451.64815528249 3
59481.29646129947 2
59510.94476731644 1
59540.59307333341 1
59570.24137935039 5
59599.88968536736 1
59629.537991384335 3
59659.186297401306 9
59688.834603418276 3
59718.48290943525 3
59748.131215452224 5
59777.7795214692 3
59807.42782748617 2
59837.07613350314 2
59866.72443952012 3
59896.37274553709 3
59926.02105155407 3
59955.66935757104 4
59985.31766358801 6
60014.965969604986 0
60044.614275621956 6
60074.26258163893 4
60103.910887655904 4
60133.559193672874 5
60163.20749968985 3
60192.85580570682 7
60222.5041117238 6
60252.15241774077 5
60281.80072375774 4
60311.44902977472 3
60341.09733579169 6
60370.745641808666 6
60400.393947825636 4
60430.04225384261 2
60459.690559859584 3
60489.338865876554 8
60518.98717189353 5
60548.6354779105 4
60578.28378392747 12
60607.93208994445 9
60637.58039596142 6
60667.2287019784 9
60696.87700799537 9
60726.52531401234 6
60756.173620029316 7
60785.82192604629 13
60815.470232063264 10
60845.118538080234 7
60874.766844097205 12
60904.41515011418 5
60934.06345613116 7
60963.71176214813 10
60993.3600681651 14
61023.00837418207 9
61052.65668019905 12
61082.304986216026 16
61111.953292232996 25
61141.60159824997 36
61171.24990426694 54
61200.898210283915 149
61230.54651630089 228
61260.19482231786 140
61289.84312833483 47
61319.4914343518 5
61349.13974036878 4
61378.78804638576 2
61408.43635240273 4
61438.0846584197 2
61467.73296443667 0
61497.38127045365 0
61527.029576470624 1
61556.677882487595 0
61586.326188504565 1
61615.974494521535 1
61645.62280053851 2
61675.27110655549 1
61704.91941257246 2
