# TIME: 181.227022064 s
# Channel Counts
1015.1314295699624 13673
1045.387378720583 11611
1075.6433278712038 9726
1105.8992770218244 8574
1136.155226172445 7739
1166.411175323066 7122
1196.6671244736865 7177
1226.923073624307 7154
1257.179022774928 7299
1287.4349719255483 7618
1317.6909210761692 8033
1347.94687022679 8527
1378.2028193774104 9051
1408.4587685280312 9971
1438.714717678652 10601
1468.9706668292724 11481
1499.2266159798933 12678
1529.482565130514 13585
1559.7385142811345 14206
1589.9944634317553 15474
1620.250412582376 16334
1650.5063617329965 17187
1680.7623108836174 18293
1711.018260034238 18995
1741.2742091848586 19755
1771.5301583354794 20596
1801.7861074860998 21488
1832.0420566367206 22240
1862.2980057873415 22602
1892.5539549379619 22722
1922.8099040885827 23025
1953.0658532392035 23337
1983.321802389824 23209
2013.5777515404448 23384
2043.8337006910654 23067
2074.089649841686 22823
2104.345598992307 22129
2134.6015481429276 21816
2164.857497293548 21190
2195.113446444169 20387
2225.3693955947892 19808
2255.62534474541 18968
2285.881293896031 17940
2316.1372430466517 17193
2346.393192197272 16388
2376.649141347893 14892
2406.9050904985133 14440
2437.161039649134 13386
2467.416988799755 12309
2497.672937950376 11613
2527.9288871009962 10516
2558.1848362516166 9515
2588.4407854022375 8721
2618.6967345528583 7928
2648.952683703479 7250
2679.2086328540995 6548
2709.4645820047203 5872
2739.7205311553407 5382
2769.9764803059616 4745
2800.2324294565824 4380
2830.4883786072032 3698
2860.7443277578236 3295
2891.0002769084444 2911
2921.256226059065 2594
2951.5121752096857 2296
2981.7681243603065 2071
3012.0240735109273 1756
3042.2800226615477 1583
3072.5359718121686 1400
3102.791920962789 1222
3133.0478701134098 1099
3163.3038192640306 951
3193.5597684146514 914
3223.815717565272 794
3254.0716667158927 731
3284.327615866513 658
3314.583565017134 599
3344.8395141677547 571
3375.0954633183756 521
3405.351412468996 482
3435.6073616196168 421
3465.863310770237 424
3496.119259920858 419
3526.375209071479 344
3556.631158222099 375
3586.88710737272 358
3617.1430565233404 380
3647.3990056739613 325
3677.654954824582 322
3707.910903975203 307
3738.1668531258233 338
3768.422802276444 317
3798.6787514270645 301
3828.9347005776854 325
3859.190649728306 256
3889.446598878927 332
3919.7025480295474 303
3949.9584971801683 296
3980.2144463307886 285
4010.4703954814095 235
4040.7263446320303 302
4070.9822937826507 285
4101.238242933272 261
4131.494192083892 282
4161.750141234512 270
4192.006090385134 258
4222.2620395357535 255
4252.517988686375 260
4282.773937836995 210
4313.029886987616 259
4343.285836138237 254
4373.541785288857 263
4403.7977344394785 234
4434.053683590098 228
4464.30963274072 266
4494.56558189134 251
4524.82153104196 251
4555.077480192582 215
4585.333429343202 241
4615.5893784938235 226
4645.845327644443 214
4676.101276795063 217
4706.357225945685 188
4736.613175096305 235
4766.869124246927 199
4797.125073397547 200
4827.3810225481675 190
4857.636971698788 190
4887.892920849408 179
4918.14887000003 203
4948.40481915065 205
4978.660768301272 185
5008.916717451892 187
5039.1726666025115 201
5069.428615753133 202
5099.684564903753 204
5129.940514054375 191
5160.196463204995 168
5190.452412355617 210
5220.7083615062365 188
5250.9643106568565 189
5281.220259807478 175
5311.476208958098 176
5341.73215810872 197
5371.98810725934 176
5402.244056409961 205
5432.5000055605815 196
5462.755954711201 173
5493.011903861823 186
5523.267853012443 189
5553.523802163064 181
5583.779751313685 180
5614.035700464305 166
5644.291649614926 138
5674.547598765546 163
5704.803547916168 174
5735.059497066788 183
5765.315446217408 188
5795.57139536803 169
5825.82734451865 148
5856.083293669271 170
5886.339242819891 168
5916.595191970512 174
5946.851141121133 147
5977.107090271753 163
6007.363039422375 147
6037.618988572995 162
6067.874937723615 158
6098.130886874236 153
6128.386836024856 154
6158.642785175478 145
6188.898734326098 127
6219.15468347672 156
6249.4106326273395 132
6279.666581777959 135
6309.922530928581 149
6340.178480079201 135
6370.434429229823 116
6400.690378380443 128
6430.946327531064 132
6461.202276681684 119
6491.458225832304 140
6521.714174982926 134
6551.970124133546 123
6582.226073284167 138
6612.482022434788 120
6642.737971585408 128
6672.993920736029 123
6703.249869886649 146
6733.505819037271 124
6763.761768187891 110
6794.017717338511 122
6824.273666489133 102
6854.529615639753 108
6884.785564790374 109
6915.041513940994 118
6945.297463091615 99
6975.553412242236 136
7005.809361392856 129
7036.065310543478 132
7066.3212596940975 119
7096.577208844718 105
7126.833157995339 95
7157.089107145959 105
7187.345056296581 107
7217.601005447201 101
7247.856954597823 94
7278.1129037484425 98
7308.368852899062 130
7338.624802049684 112
7368.880751200304 109
7399.136700350926 137
7429.392649501546 114
7459.648598652167 94
7489.904547802787 105
7520.160496953407 111
7550.416446104029 100
7580.672395254649 88
7610.928344405271 108
7641.184293555891 93
7671.440242706511 96
7701.696191857132 112
7731.952141007752 100
7762.208090158374 108
7792.464039308994 90
7822.719988459614 92
7852.975937610236 97
7883.231886760856 81
7913.487835911477 93
7943.743785062097 101
7973.999734212718 78
8004.255683363339 98
8034.511632513959 104
8064.767581664581 116
8095.0235308152005 86
8125.279479965822 95
8155.535429116442 84
8185.791378267062 92
8216.047327417684 85
8246.303276568304 84
8276.559225718924 95
8306.815174869545 87
8337.071124020165 89
8367.327073170785 90
8397.583022321407 92
8427.838971472029 73
8458.094920622649 69
8488.350869773269 84
8518.60681892389 94
8548.86276807451 72
8579.11871722513 78
8609.374666375752 73
8639.630615526374 82
8669.886564676992 105
8700.142513827614 74
8730.398462978235 71
8760.654412128855 81
8790.910361279475 79
8821.166310430097 80
8851.422259580717 80
8881.678208731337 80
8911.934157881959 78
8942.19010703258 79
8972.4460561832 78
9002.70200533382 78
9032.957954484442 68
9063.213903635062 78
9093.469852785682 66
9123.725801936303 82
9153.981751086925 69
9184.237700237545 72
9214.493649388165 74
9244.749598538787 51
9275.005547689409 75
9305.261496840027 65
9335.517445990648 77
9365.77339514127 86
9396.02934429189 58
9426.28529344251 67
9456.541242593132 69
9486.797191743752 60
9517.053140894372 77
9547.309090044993 64
9577.565039195615 58
9607.820988346233 63
9638.076937496855 54
9668.332886647477 62
9698.588835798097 65
9728.844784948717 55
9759.100734099338 67
9789.35668324996 51
9819.612632400578 51
9849.8685815512 50
9880.124530701822 49
9910.380479852442 53
9940.636429003061 54
9970.892378153683 56
10001.148327304303 54
10031.404276454923 59
10061.660225605545 58
10091.916174756167 59
10122.172123906785 54
10152.428073057406 51
10182.684022208028 51
10212.939971358648 56
10243.195920509268 59
10273.45186965989 66
10303.707818810512 60
10333.96376796113 62
10364.219717111751 56
10394.475666262373 53
10424.731615412993 51
10454.987564563613 44
10485.243513714235 60
10515.499462864855 45
10545.755412015475 44
10576.011361166096 45
10606.267310316718 47
10636.523259467336 53
10666.779208617958 72
10697.03515776858 50
10727.2911069192 46
10757.54705606982 63
10787.803005220441 60
10818.058954371063 55
10848.314903521681 58
10878.570852672303 41
10908.826801822925 47
10939.082750973545 45
10969.338700124164 40
10999.594649274786 56
11029.850598425406 50
11060.106547576026 49
11090.362496726648 60
11120.61844587727 48
11150.874395027888 57
11181.13034417851 63
11211.386293329131 48
11241.642242479751 50
11271.898191630371 43
11302.154140780993 59
11332.410089931614 47
11362.666039082233 40
11392.921988232854 45
11423.177937383476 51
11453.433886534096 48
11483.689835684716 49
11513.945784835338 44
11544.201733985958 48
11574.457683136578 31
11604.7136322872 39
11634.969581437821 46
11665.22553058844 48
11695.48147973906 40
11725.737428889683 48
11755.993378040303 40
11786.249327190922 42
11816.505276341544 41
11846.761225492166 49
11877.017174642784 44
11907.273123793406 53
11937.529072944028 46
11967.785022094648 40
11998.040971245267 44
12028.29692039589 43
12058.55286954651 55
12088.808818697129 56
12119.06476784775 36
12149.320716998373 40
12179.57666614899 53
12209.832615299612 43
12240.088564450234 41
12270.344513600854 49
12300.600462751474 49
12330.856411902096 38
12361.112361052717 40
12391.368310203336 46
12421.624259353957 54
12451.880208504579 41
12482.136157655199 46
12512.392106805819 47
12542.64805595644 50
12572.90400510706 50
12603.15995425768 58
12633.415903408302 45
12663.671852558924 43
12693.927801709542 30
12724.183750860164 46
12754.439700010786 49
12784.695649161406 38
12814.951598312025 38
12845.207547462647 55
12875.463496613269 48
12905.719445763887 52
12935.975394914509 46
12966.23134406513 54
12996.48729321575 37
13026.74324236637 51
13056.999191516992 40
13087.255140667612 50
13117.511089818232 38
13147.767038968854 36
13178.022988119475 46
13208.278937270094 51
13238.534886420715 42
13268.790835571337 44
13299.046784721957 30
13329.302733872577 44
13359.558683023199 46
13389.81463217382 33
13420.070581324439 39
13450.32653047506 51
13480.582479625682 42
13510.838428776302 40
13541.094377926922 34
13571.350327077544 59
13601.606276228164 44
13631.862225378783 47
13662.118174529405 37
13692.374123680027 41
13722.630072830645 37
13752.886021981267 56
13783.141971131889 42
13813.397920282508 45
13843.653869433128 49
13873.90981858375 44
13904.165767734372 35
13934.42171688499 44
13964.677666035612 60
13994.933615186234 35
14025.189564336853 37
14055.445513487473 42
14085.701462638095 46
14115.957411788715 44
14146.213360939335 36
14176.469310089957 47
14206.725259240578 42
14236.981208391198 49
14267.237157541818 42
14297.49310669244 43
14327.74905584306 38
14358.00500499368 42
14388.260954144302 47
14418.516903294923 34
14448.772852445542 41
14479.028801596163 45
14509.284750746785 39
14539.540699897405 38
14569.796649048025 34
14600.052598198647 53
14630.308547349267 45
14660.564496499886 37
14690.820445650508 42
14721.07639480113 40
14751.33234395175 46
14781.58829310237 41
14811.844242252992 40
14842.100191403611 39
14872.356140554231 45
14902.612089704853 35
14932.868038855475 48
14963.123988006093 40
14993.379937156715 36
15023.635886307336 37
15053.891835457956 22
15084.147784608576 47
15114.403733759198 30
15144.659682909818 50
15174.915632060438 34
15205.17158121106 30
15235.427530361681 46
15265.683479512301 37
15295.939428662921 32
15326.195377813543 45
15356.451326964163 39
15386.707276114783 29
15416.963225265405 42
15447.219174416026 27
15477.475123566644 26
15507.731072717266 29
15537.987021867888 36
15568.242971018508 24
15598.498920169128 29
15628.75486931975 27
15659.01081847037 46
15689.26676762099 31
15719.522716771611 30
15749.778665922233 29
15780.034615072853 31
15810.290564223473 32
15840.546513374095 20
15870.802462524714 36
15901.058411675334 21
15931.314360825956 31
15961.570309976578 40
15991.826259127196 35
16022.082208277818 23
16052.33815742844 26
16082.59410657906 32
16112.85005572968 31
16143.106004880301 24
16173.361954030921 28
16203.61790318154 29
16233.873852332163 36
16264.129801482784 32
16294.385750633404 35
16324.641699784024 31
16354.897648934646 24
16385.153598085264 30
16415.409547235886 25
16445.665496386508 32
16475.921445537126 25
16506.177394687747 21
16536.43334383837 25
16566.689292988987 22
16596.945242139613 20
16627.20119129023 29
16657.45714044085 26
16687.713089591474 25
16717.969038742092 27
16748.22498789271 19
16778.480937043336 20
16808.736886193954 28
16838.992835344576 21
16869.248784495197 26
16899.504733645816 25
16929.760682796437 22
16960.01663194706 29
16990.272581097677 19
17020.5285302483 23
17050.78447939892 19
17081.04042854954 18
17111.296377700164 20
17141.552326850782 20
17171.8082760014 18
17202.064225152026 21
17232.320174302644 23
17262.576123453262 16
17292.832072603887 28
17323.088021754505 21
17353.343970905127 24
17383.59992005575 24
17413.855869206367 22
17444.111818356985 28
17474.36776750761 25
17504.62371665823 21
17534.87966580885 18
17565.135614959472 19
17595.39156411009 30
17625.647513260712 17
17655.903462411334 23
17686.159411561952 20
17716.415360712574 21
17746.671309863195 18
17776.927259013813 30
17807.18320816444 22
17837.439157315057 29
17867.695106465675 24
17897.9510556163 17
17928.20700476692 29
17958.462953917537 17
17988.718903068162 25
18018.97485221878 27
18049.230801369402 25
18079.486750520024 16
18109.74269967064 28
18139.998648821263 28
18170.254597971885 12
18200.510547122503 19
18230.766496273125 24
18261.022445423747 21
18291.278394574365 22
18321.53434372499 25
18351.79029287561 21
18382.046242026227 22
18412.302191176852 25
18442.55814032747 17
18472.814089478088 24
18503.070038628714 29
18533.32598777933 16
18563.581936929953 13
18593.837886080575 19
18624.093835231193 25
18654.349784381815 28
18684.605733532437 20
18714.861682683055 14
18745.117631833677 20
18775.3735809843 27
18805.629530134916 24
18835.88547928554 18
18866.14142843616 23
18896.397377586778 22
18926.653326737403 20
18956.90927588802 23
18987.16522503864 18
19017.421174189265 17
19047.677123339883 21
19077.933072490505 16
19108.189021641127 16
19138.444970791745 14
19168.700919942366 22
19198.95686909299 18
19229.212818243606 22
19259.468767394228 26
19289.72471654485 13
19319.980665695468 18
19350.236614846093 21
19380.49256399671 13
19410.74851314733 18
19441.004462297955 28
19471.260411448573 20
19501.51636059919 12
19531.772309749816 18
19562.028258900435 22
19592.284208051056 17
19622.540157201678 25
19652.796106352296 13
19683.052055502918 18
19713.30800465354 14
19743.563953804158 18
19773.81990295478 12
19804.0758521054 19
19834.33180125602 20
19864.587750406645 21
19894.843699557263 21
19925.09964870788 24
19955.355597858506 22
19985.611547009124 18
20015.867496159743 16
20046.123445310368 17
20076.379394460986 20
20106.635343611608 11
20136.89129276223 13
20167.147241912848 26
20197.40319106347 18
20227.65914021409 21
20257.91508936471 20
20288.17103851533 22
20318.426987665953 15
20348.68293681657 24
20378.938885967196 16
20409.194835117814 21
20439.450784268432 13
20469.706733419058 13
20499.962682569676 18
20530.218631720294 15
20560.47458087092 22
20590.730530021538 9
20620.98647917216 19
20651.24242832278 13
20681.4983774734 22
20711.75432662402 19
20742.010275774643 22
20772.26622492526 17
20802.522174075883 15
20832.778123226504 20
20863.034072377122 15
20893.290021527748 12
20923.545970678366 19
20953.801919828984 15
20984.05786897961 15
21014.313818130227 25
21044.569767280846 15
21074.82571643147 10
21105.08166558209 25
21135.33761473271 23
21165.593563883333 11
21195.84951303395 20
21226.105462184572 17
21256.361411335194 20
21286.617360485812 20
21316.873309636434 21
21347.129258787056 15
21377.385207937674 17
21407.6411570883 17
21437.897106238917 17
21468.153055389535 22
21498.40900454016 23
21528.66495369078 27
21558.920902841397 21
21589.176851992022 25
21619.43280114264 28
21649.688750293262 14
21679.944699443884 13
21710.200648594502 20
21740.456597745124 14
21770.712546895746 17
21800.968496046364 13
21831.224445196985 24
21861.480394347607 18
21891.736343498225 17
21921.99229264885 17
21952.24824179947 23
21982.504190950087 19
22012.760140100712 14
22043.01608925133 20
22073.27203840195 19
22103.527987552574 15
22133.783936703192 19
22164.039885853814 17
22194.295835004436 22
22224.551784155054 15
22254.807733305675 16
22285.063682456297 13
22315.319631606915 13
22345.575580757537 18
22375.83152990816 22
22406.087479058777 18
22436.343428209402 17
22466.59937736002 12
22496.85532651064 24
22527.111275661264 21
22557.367224811882 21
22587.6231739625 16
22617.879123113125 21
22648.135072263743 16
22678.391021414365 17
22708.646970564987 19
22738.902919715605 19
22769.158868866227 13
22799.41481801685 19
22829.670767167467 16
22859.92671631809 16
22890.18266546871 15
22920.43861461933 17
22950.694563769954 21
22980.95051292057 19
23011.20646207119 12
23041.462411221815 10
23071.718360372433 16
23101.97430952305 16
23132.230258673677 29
23162.486207824295 10
23192.742156974917 20
23222.99810612554 21
23253.254055276157 14
23283.51000442678 25
23313.7659535774 16
23344.021902728018 24
23374.27785187864 12
23404.53380102926 17
23434.78975017988 17
23465.045699330505 17
23495.301648481123 20
23525.55759763174 12
23555.813546782367 13
23586.069495932985 19
23616.325445083603 14
23646.58139423423 23
23676.837343384846 14
23707.09329253547 17
23737.34924168609 18
23767.605190836708 12
23797.86113998733 17
23828.11708913795 11
23858.37303828857 18
23888.62898743919 10
23918.884936589813 8
23949.14088574043 18
23979.396834891057 11
24009.652784041675 14
24039.908733192293 12
24070.16468234292 21
24100.420631493536 17
24130.676580644154 18
24160.93252979478 15
24191.188478945398 9
24221.44442809602 19
24251.70037724664 15
24281.95632639726 16
24312.21227554788 14
24342.468224698503 11
24372.72417384912 16
24402.980122999743 17
24433.236072150365 17
24463.492021300983 11
24493.747970451608 11
24524.003919602226 18
24554.259868752844 22
24584.51581790347 14
24614.771767054088 13
24645.027716204706 20
24675.28366535533 12
24705.53961450595 14
24735.79556365657 10
24766.051512807193 12
24796.30746195781 14
24826.563411108433 13
24856.819360259055 7
24887.075309409673 14
24917.331258560294 16
24947.587207710916 14
24977.843156861534 9
25008.09910601216 15
25038.355055162778 7
25068.611004313396 7
25098.86695346402 10
25129.12290261464 15
25159.378851765257 21
25189.634800915883 16
25219.8907500665 14
25250.146699217123 10
25280.402648367744 19
25310.658597518363 9
25340.914546668984 5
25371.170495819606 10
25401.426444970224 11
25431.682394120846 7
25461.938343271468 13
25492.194292422086 7
25522.45024157271 10
25552.70619072333 8
25582.962139873947 12
25613.218089024573 11
25643.47403817519 18
25673.72998732581 13
25703.985936476434 5
25734.241885627052 14
25764.497834777674 12
25794.753783928296 10
25825.009733078914 10
25855.265682229536 7
25885.521631380157 15
25915.777580530776 13
25946.033529681397 12
25976.28947883202 5
26006.545427982637 9
26036.801377133263 10
26067.05732628388 14
26097.3132754345 12
26127.569224585124 6
26157.825173735742 9
26188.08112288636 12
26218.337072036986 8
26248.593021187604 11
26278.848970338226 9
26309.104919488847 8
26339.360868639465 10
26369.616817790087 16
26399.87276694071 17
26430.128716091327 6
26460.38466524195 10
26490.64061439257 15
26520.89656354319 10
26551.152512693814 10
26581.408461844432 17
26611.66441099505 14
26641.920360145676 7
26672.176309296294 9
26702.432258446912 11
26732.688207597537 8
26762.944156748155 13
26793.200105898777 9
26823.4560550494 18
26853.712004200017 7
26883.96795335064 16
26914.22390250126 11
26944.47985165188 12
26974.735800802504 13
27004.991749953122 12
27035.24769910374 8
27065.503648254366 9
27095.759597404984 9
27126.0155465556 15
27156.271495706227 19
27186.527444856845 15
27216.783394007463 6
27247.03934315809 13
27277.295292308707 8
27307.55124145933 5
27337.80719060995 9
27368.06313976057 10
27398.31908891119 12
27428.575038061812 5
27458.83098721243 13
27489.086936363055 6
27519.342885513674 8
27549.59883466429 11
27579.854783814917 9
27610.110732965535 11
27640.366682116153 12
27670.62263126678 10
27700.878580417397 13
27731.134529568015 9
27761.39047871864 7
27791.64642786926 11
27821.90237701988 11
27852.158326170502 8
27882.41427532112 8
27912.67022447174 11
27942.926173622363 10
27973.18212277298 16
28003.438071923607 9
28033.694021074225 12
28063.949970224843 12
28094.20591937547 11
28124.461868526087 9
28154.717817676705 13
28184.97376682733 11
28215.22971597795 5
28245.485665128566 10
28275.74161427919 11
28305.99756342981 11
28336.25351258043 6
28366.509461731053 15
28396.76541088167 8
28427.021360032293 9
28457.277309182915 11
28487.533258333533 12
28517.78920748416 13
28548.045156634777 9
28578.301105785395 7
28608.55705493602 11
28638.813004086638 14
28669.068953237256 9
28699.32490238788 9
28729.5808515385 7
28759.836800689118 8
28790.092749839743 15
28820.34869899036 14
28850.604648140983 8
28880.860597291605 14
28911.116546442223 12
28941.372495592845 7
28971.628444743466 7
29001.884393894084 9
29032.14034304471 9
29062.396292195328 10
29092.652241345946 6
29122.90819049657 7
29153.16413964719 7
29183.420088797808 8
29213.676037948433 7
29243.93198709905 8
29274.18793624967 6
29304.443885400295 7
29334.699834550913 10
29364.955783701535 8
29395.211732852156 13
29425.467682002774 10
29455.723631153396 9
29485.979580304018 6
29516.235529454636 3
29546.49147860526 6
29576.74742775588 12
29607.003376906498 8
29637.259326057123 9
29667.51527520774 9
29697.77122435836 7
29728.027173508985 8
29758.283122659603 7
29788.53907181022 7
29818.795020960846 9
29849.050970111464 6
29879.306919262086 10
29909.562868412708 11
29939.818817563326 5
29970.074766713948 7
30000.33071586457 10
30030.586665015187 9
30060.842614165813 7
30091.09856331643 5
30121.35451246705 7
30151.610461617674 9
30181.866410768293 7
30212.12235991891 10
30242.378309069536 10
30272.634258220154 9
30302.890207370772 7
30333.146156521398 10
30363.402105672016 10
30393.658054822637 5
30423.91400397326 4
30454.169953123877 7
30484.4259022745 11
30514.68185142512 9
30544.93780057574 7
30575.193749726364 8
30605.449698876982 11
30635.7056480276 8
30665.961597178226 5
30696.217546328844 8
30726.473495479462 7
30756.729444630088 8
30786.985393780706 9
30817.241342931324 5
30847.49729208195 10
30877.753241232567 6
30908.00919038319 11
30938.26513953381 8
30968.52108868443 11
30998.77703783505 8
31029.032986985672 6
31059.28893613629 9
31089.544885286916 13
31119.800834437534 9
31150.056783588152 9
31180.312732738777 9
31210.568681889396 5
31240.824631040014 4
31271.08058019064 5
31301.336529341257 7
31331.592478491875 6
31361.8484276425 11
31392.10437679312 6
31422.36032594374 6
31452.616275094362 2
31482.87222424498 7
31513.128173395602 5
31543.384122546224 10
31573.640071696842 10
31603.896020847467 8
31634.151969998085 12
31664.407919148704 9
31694.66386829933 8
31724.919817449947 8
31755.175766600565 11
31785.43171575119 9
31815.68766490181 3
31845.943614052427 4
31876.199563203052 9
31906.45551235367 9
31936.711461504292 3
31966.967410654914 8
31997.22335980553 8
32027.479308956154 9
32057.735258106775 10
32087.991207257393 7
32118.24715640802 4
32148.503105558637 19
32178.759054709255 8
32209.01500385988 7
32239.2709530105 13
32269.526902161117 11
32299.782851311742 7
32330.03880046236 8
32360.29474961298 7
32390.550698763604 4
32420.80664791422 5
32451.062597064843 5
32481.318546215465 6
32511.574495366083 5
32541.830444516705 7
32572.086393667327 5
32602.342342817945 7
32632.59829196857 10
32662.85424111919 11
32693.110190269806 12
32723.366139420432 10
32753.62208857105 8
32783.878037721675 13
32814.13398687229 7
32844.38993602291 9
32874.64588517354 7
32904.901834324155 8
32935.15778347477 5
32965.4137326254 7
32995.66968177602 3
33025.925630926635 5
33056.18158007726 4
33086.43752922788 7
33116.6934783785 11
33146.94942752912 11
33177.20537667975 10
33207.46132583036 11
33237.71727498098 8
33267.97322413161 11
33298.22917328222 5
33328.485122432845 11
33358.74107158347 8
33388.99702073408 12
33419.25296988471 13
33449.50891903533 8
33479.76486818594 9
33510.02081733657 7
33540.27676648719 8
33570.532715637804 5
33600.78866478843 8
33631.044613939055 12
33661.30056308967 9
33691.55651224029 9
33721.81246139092 10
33752.068410541535 11
33782.32435969215 9
33812.58030884278 14
33842.83625799339 8
33873.092207144015 8
33903.34815629464 10
33933.60410544525 8
33963.860054595876 16
33994.1160037465 17
34024.37195289712 9
34054.62790204774 9
34084.88385119836 7
34115.13980034898 13
34145.3957494996 10
34175.651698650225 10
34205.90764780084 15
34236.16359695146 13
34266.419546102086 8
34296.675495252704 8
34326.93144440332 9
34357.18739355395 13
34387.443342704566 12
34417.699291855184 10
34447.95524100581 17
34478.21119015643 16
34508.467139307046 19
34538.72308845767 13
34568.9790376083 7
34599.23498675891 9
34629.49093590953 12
34659.74688506016 13
34690.00283421077 12
34720.258783361394 24
34750.51473251202 28
34780.77068166263 18
34811.026630813256 19
34841.28257996388 16
34871.53852911449 11
34901.79447826512 27
34932.05042741574 19
34962.306376566354 14
34992.56232571698 15
35022.818274867604 19
35053.07422401822 19
35083.33017316884 23
35113.586122319466 15
35143.842071470084 19
35174.0980206207 15
35204.35396977133 19
35234.609918921946 13
35264.865868072564 19
35295.12181722319 19
35325.37776637381 19
35355.633715524425 13
35385.88966467505 22
35416.14561382567 14
35446.40156297629 29
35476.65751212691 17
35506.91346127753 17
35537.16941042815 17
35567.425359578774 12
35597.6813087294 16
35627.93725788001 21
35658.193207030636 18
35688.44915618126 20
35718.70510533187 16
35748.9610544825 17
35779.21700363312 21
35809.47295278373 10
35839.72890193436 19
35869.984851084984 15
35900.240800235595 17
35930.49674938622 18
35960.752698536846 30
35991.00864768746 12
36021.26459683808 17
36051.52054598871 13
36081.776495139326 20
36112.032444289944 18
36142.28839344057 16
36172.54434259119 14
36202.800291741805 6
36233.05624089243 23
36263.31219004305 18
36293.56813919367 20
36323.82408834429 23
36354.08003749491 16
36384.33598664553 21
36414.591935796154 16
36444.84788494677 18
36475.10383409739 26
36505.359783248015 18
36535.61573239863 12
36565.87168154925 18
36596.12763069988 14
36626.3835798505 16
36656.63952900111 10
36686.89547815174 19
36717.151427302364 21
36747.407376452975 17
36777.6633256036 24
36807.919274754226 14
36838.17522390484 15
36868.43117305546 22
36898.68712220609 17
36928.9430713567 19
36959.19902050732 16
36989.45496965795 11
37019.71091880856 16
37049.966867959185 13
37080.22281710981 14
37110.47876626043 11
37140.73471541105 20
37170.99066456167 17
37201.24661371229 18
37231.50256286291 10
37261.75851201353 12
37292.01446116415 10
37322.27041031477 13
37352.526359465395 17
37382.78230861601 11
37413.03825776663 13
37443.29420691726 10
37473.550156067875 20
37503.80610521849 16
37534.06205436912 10
37564.31800351974 15
37594.573952670355 12
37624.82990182098 10
37655.085850971605 3
37685.341800122216 9
37715.59774927284 13
37745.85369842347 7
37776.10964757408 11
37806.3655967247 10
37836.62154587533 15
37866.87749502594 7
37897.133444176565 10
37927.38939332719 4
37957.6453424778 6
37987.90129162843 4
38018.15724077905 12
38048.41318992966 9
38078.66913908029 10
38108.92508823091 9
38139.18103738153 5
38169.43698653215 7
38199.692935682775 12
38229.94888483339 6
38260.20483398401 12
38290.46078313464 9
38320.716732285255 8
38350.97268143587 4
38381.2286305865 12
38411.484579737116 7
38441.740528887734 10
38471.99647803836 8
38502.25242718898 5
38532.508376339596 4
38562.76432549022 5
38593.02027464084 6
38623.27622379146 3
38653.53217294208 11
38683.78812209271 3
38714.04407124332 7
38744.300020393945 3
38774.55596954457 11
38804.81191869518 4
38835.067867845806 2
38865.32381699643 7
38895.57976614704 7
38925.83571529767 6
38956.09166444829 5
38986.347613598904 6
39016.60356274953 4
39046.859511900155 5
39077.115461050766 3
39107.37141020139 9
39137.627359352016 5
39167.883308502634 1
39198.13925765325 3
39228.39520680388 5
39258.651155954496 10
39288.907105105114 5
39319.16305425574 2
39349.41900340636 12
39379.674952556976 5
39409.9309017076 4
39440.18685085822 4
39470.44280000884 7
39500.69874915946 8
39530.95469831008 4
39561.2106474607 3
39591.466596611324 1
39621.72254576194 5
39651.97849491256 8
39682.234444063186 4
39712.49039321381 6
39742.74634236442 1
39773.00229151505 4
39803.25824066567 5
39833.514189816284 3
39863.77013896691 3
39894.026088117535 1
39924.282037268145 0
39954.53798641877 3
39984.793935569396 3
40015.04988472001 2
40045.30583387063 3
40075.56178302126 2
40105.81773217187 1
40136.073681322494 2
40166.32963047312 1
40196.58557962374 3
40226.841528774356 5
40257.09747792498 5
40287.3534270756 5
40317.60937622622 0
40347.86532537684 2
40378.12127452746 7
40408.37722367808 3
40438.633172828704 3
40468.88912197932 2
40499.14507112994 2
40529.401020280566 6
40559.656969431184 3
40589.9129185818 3
40620.16886773243 1
40650.424816883045 2
40680.68076603366 1
40710.93671518429 6
40741.192664334914 3
40771.448613485525 4
40801.70456263615 0
40831.960511786776 4
40862.21646093739 3
40892.47241008801 4
40922.72835923864 1
40952.98430838925 3
40983.240257539874 4
41013.4962066905 3
41043.75215584111 5
41074.008104991735 3
41104.26405414236 4
41134.52000329297 3
41164.7759524436 1
41195.03190159422 5
41225.28785074484 2
41255.54379989546 5
41285.799749046084 4
41316.0556981967 2
41346.31164734732 5
41376.567596497945 3
41406.82354564856 1
41437.07949479918 1
41467.33544394981 4
41497.591393100425 1
41527.84734225104 3
41558.10329140167 3
41588.35924055229 7
41618.615189702905 7
41648.87113885353 2
41679.12708800415 2
41709.38303715477 3
41739.63898630539 1
41769.89493545602 4
41800.15088460663 1
41830.40683375725 1
41860.66278290788 4
41890.91873205849 3
41921.174681209115 3
41951.43063035974 3
41981.68657951035 7
42011.94252866098 2
42042.1984778116 2
42072.45442696221 2
42102.71037611284 0
42132.966325263464 5
42163.222274414074 2
42193.4782235647 1
42223.734172715325 1
42253.99012186594 4
42284.24607101656 5
42314.50202016719 4
42344.757969317805 3
42375.01391846842 3
42405.26986761905 1
42435.52581676967 4
42465.781765920285 5
42496.03771507091 2
42526.29366422153 4
42556.549613372146 4
42586.80556252277 7
42617.06151167339 4
42647.31746082401 4
42677.57340997463 4
42707.82935912525 2
42738.08530827587 2
42768.341257426495 5
42798.59720657712 3
42828.85315572773 1
42859.10910487836 2
42889.36505402898 4
42919.62100317959 2
42949.87695233022 3
42980.13290148084 4
43010.388850631454 5
43040.64479978208 6
43070.900748932705 5
43101.156698083316 2
43131.41264723394 5
43161.66859638457 3
43191.92454553518 6
43222.1804946858 8
43252.43644383643 8
43282.692392987046 3
43312.948342137664 3
43343.20429128829 4
43373.46024043891 2
43403.716189589526 1
43433.97213874015 1
43464.22808789077 4
43494.48403704139 6
43524.73998619201 1
43554.99593534263 5
43585.25188449325 3
43615.507833643875 3
43645.76378279449 4
43676.01973194511 1
43706.275681095736 2
43736.531630246354 7
43766.78757939697 4
43797.0435285476 8
43827.29947769822 1
43857.555426848834 7
43887.81137599946 0
43918.067325150085 6
43948.323274300696 3
43978.57922345132 3
44008.83517260195 2
44039.09112175256 3
44069.34707090318 3
44099.60302005381 3
44129.85896920442 6
44160.114918355044 7
44190.37086750567 4
44220.62681665628 2
44250.882765806906 2
44281.13871495753 3
44311.39466410815 3
44341.65061325877 3
44371.90656240939 6
44402.16251156001 2
44432.41846071063 3
44462.674409861254 3
44492.93035901187 2
44523.18630816249 3
44553.442257313116 4
44583.698206463734 3
44613.95415561435 2
44644.21010476498 5
44674.466053915596 2
44704.722003066214 6
44734.97795221684 2
44765.23390136746 3
44795.489850518075 6
44825.7457996687 7
44856.001748819326 1
44886.25769796994 2
44916.51364712056 1
44946.76959627119 3
44977.0255454218 3
45007.281494572424 2
45037.53744372305 2
45067.79339287366 2
45098.049342024286 1
45128.30529117491 2
45158.56124032552 1
45188.81718947615 4
45219.07313862677 1
45249.32908777738 4
45279.58503692801 1
45309.840986078634 2
45340.09693522925 2
45370.35288437987 2
45400.608833530496 2
45430.864782681114 5
45461.12073183173 2
45491.37668098236 2
45521.632630132975 0
45551.88857928359 3
45582.14452843422 0
45612.40047758484 1
45642.656426735455 1
45672.91237588608 0
45703.1683250367 1
45733.42427418732 2
45763.68022333794 2
45793.93617248856 2
45824.19212163918 1
45854.448070789804 2
45884.70401994043 1
45914.95996909104 1
45945.215918241665 1
45975.47186739229 2
46005.7278165429 0
46035.98376569353 5
46066.23971484415 1
46096.49566399476 1
46126.75161314539 2
46157.007562296014 0
46187.263511446625 1
46217.51946059725 3
46247.775409747876 0
46278.031358898486 1
46308.28730804911 1
46338.54325719974 3
46368.799206350355 1
46399.05515550097 4
46429.3111046516 6
46459.56705380222 1
46489.823002952835 2
46520.07895210346 2
46550.33490125408 1
46580.5908504047 6
46610.84679955532 0
46641.10274870594 2
46671.35869785656 3
46701.61464700718 0
46731.8705961578 2
46762.12654530842 1
46792.382494459045 3
46822.63844360966 2
46852.89439276028 0
46883.15034191091 1
46913.40629106153 0
46943.66224021214 0
46973.91818936277 1
47004.174138513394 3
47034.430087664005 2
47064.68603681463 0
47094.941985965255 1
47125.197935115866 1
47155.45388426649 3
47185.70983341712 1
47215.96578256773 1
47246.22173171835 2
47276.47768086898 1
47306.73363001959 2
47336.989579170215 3
47367.24552832084 5
47397.50147747146 2
47427.757426622076 3
47458.0133757727 0
47488.26932492332 1
47518.52527407394 0
47548.78122322456 0
47579.03717237518 0
47609.2931215258 1
47639.549070676425 4
47669.80501982704 4
47700.06096897766 1
47730.31691812829 4
47760.572867278905 0
47790.82881642952 1
47821.08476558015 1
47851.340714730766 0
47881.596663881384 1
47911.85261303201 1
47942.108562182635 1
47972.364511333246 1
48002.62046048387 1
48032.8764096345 1
48063.13235878511 1
48093.38830793573 0
48123.64425708636 1
48153.90020623697 2
48184.156155387594 1
48214.41210453822 0
48244.66805368883 1
48274.924002839456 2
48305.17995199008 0
48335.43590114069 1
48365.69185029132 1
48395.94779944194 1
48426.20374859256 3
48456.45969774318 0
48486.715646893805 0
48516.97159604442 0
48547.22754519504 1
48577.483494345666 1
48607.739443496284 0
48637.9953926469 1
48668.25134179753 2
48698.507290948146 2
48728.763240098764 1
48759.01918924939 0
48789.27513840001 1
48819.531087550626 1
48849.78703670125 0
48880.04298585187 1
48910.29893500249 0
48940.55488415311 1
48970.81083330374 1
49001.06678245435 0
49031.322731604974 0
49061.5786807556 0
49091.83462990621 3
49122.090579056836 0
49152.34652820746 2
49182.60247735807 1
49212.8584265087 2
49243.11437565932 1
49273.370324809934 2
49303.62627396056 0
49333.882223111184 1
49364.138172261795 1
49394.39412141242 0
49424.650070563046 1
49454.906019713664 4
49485.16196886428 4
49515.41791801491 0
49545.673867165526 0
49575.929816316144 3
49606.18576546677 0
49636.44171461739 3
49666.697663768005 2
49696.95361291863 0
49727.20956206925 3
49757.46551121987 1
49787.72146037049 1
49817.97740952111 0
49848.23335867173 3
49878.489307822354 0
49908.74525697297 1
49939.00120612359 2
49969.257155274216 3
49999.51310442484 0
50029.76905357545 2
50060.02500272608 2
50090.2809518767 3
50120.53690102731 1
50150.79285017794 0
50181.048799328564 0
50211.304748479175 1
50241.5606976298 0
50271.816646780426 0
50302.07259593104 1
50332.32854508166 3
50362.58449423229 3
50392.8404433829 1
50423.09639253352 0
50453.35234168415 2
50483.60829083477 0
50513.864239985385 0
50544.12018913601 0
50574.37613828663 1
50604.63208743725 1
50634.88803658787 1
50665.14398573849 0
50695.39993488911 0
50725.655884039734 2
50755.91183319035 2
50786.16778234097 0
50816.423731491595 1
50846.67968064221 1
50876.93562979283 0
50907.19157894346 4
50937.447528094075 2
50967.70347724469 1
50997.95942639532 1
51028.215375545944 1
51058.471324696555 2
51088.72727384718 1
51118.983222997806 3
51149.23917214842 2
51179.49512129904 0
51209.75107044967 2
51240.00701960028 0
51270.2629687509 0
51300.51891790153 2
51330.77486705214 0
51361.030816202765 1
51391.28676535339 3
51421.542714504 1
51451.79866365463 4
51482.05461280525 2
51512.31056195587 4
51542.56651110649 0
51572.82246025711 1
51603.07840940773 1
51633.33435855835 1
51663.590307708975 2
51693.84625685959 1
51724.10220601021 3
51754.35815516084 1
51784.614104311455 0
51814.87005346207 2
51845.1260026127 2
51875.38195176332 0
51905.637900913935 2
51935.89385006456 0
51966.14979921518 2
51996.405748365796 2
52026.66169751642 0
52056.91764666705 1
52087.17359581766 3
52117.42954496828 1
52147.68549411891 2
52177.94144326952 1
52208.197392420145 2
52238.45334157077 3
52268.70929072138 0
52298.965239872006 2
52329.22118902263 2
52359.47713817324 2
52389.73308732387 2
52419.98903647449 0
52450.244985625104 1
52480.50093477573 2
52510.756883926355 2
52541.01283307697 2
52571.26878222759 1
52601.52473137822 1
52631.780680528835 0
52662.03662967945 0
52692.29257883008 2
52722.548527980696 2
52752.804477131314 2
52783.06042628194 1
52813.31637543256 2
52843.572324583176 1
52873.8282737338 2
52904.08422288442 1
52934.34017203504 1
52964.59612118566 1
52994.85207033629 4
53025.1080194869 4
53055.363968637525 3
53085.61991778815 2
53115.87586693876 1
53146.131816089386 0
53176.38776524001 1
53206.64371439062 1
53236.89966354125 5
53267.15561269187 1
53297.411561842484 0
53327.66751099311 3
53357.923460143735 1
53388.179409294346 1
53418.43535844497 3
53448.691307595596 1
53478.947256746214 0
53509.20320589683 1
53539.45915504746 1
53569.715104198076 1
53599.971053348694 1
53630.22700249932 1
53660.48295164994 3
53690.738900800556 2
53720.99484995118 0
53751.2507991018 2
53781.50674825242 2
53811.76269740304 1
53842.01864655366 0
53872.27459570428 3
53902.530544854904 3
53932.78649400552 1
53963.04244315614 4
53993.298392306766 1
54023.55434145739 3
54053.810290608 2
54084.06623975863 0
54114.32218890925 1
54144.578138059864 0
54174.83408721049 2
54205.090036361114 0
54235.345985511725 2
54265.60193466235 3
54295.857883812976 0
54326.11383296359 1
54356.36978211421 0
54386.62573126484 2
54416.88168041545 1
54447.137629566074 0
54477.3935787167 0
54507.64952786732 0
54537.905477017935 3
54568.16142616856 1
54598.41737531918 0
54628.6733244698 1
54658.92927362042 1
54689.18522277104 4
54719.44117192166 1
54749.697121072284 0
54779.9530702229 1
54810.20901937352 3
54840.464968524146 0
54870.720917674764 3
54900.97686682538 1
54931.23281597601 0
54961.488765126625 2
54991.74471427724 2
55022.00066342787 1
55052.256612578494 1
55082.512561729105 0
55112.76851087973 1
55143.024460030356 3
55173.28040918097 2
55203.53635833159 2
55233.79230748222 3
55264.04825663283 1
55294.304205783454 0
55324.56015493408 4
55354.81610408469 0
55385.072053235315 3
55415.32800238594 3
55445.58395153655 1
55475.83990068718 0
55506.0958498378 0
55536.35179898842 4
55566.60774813904 4
55596.863697289664 0
55627.11964644028 0
55657.3755955909 3
55687.631544741525 0
55717.88749389214 0
55748.14344304276 1
55778.39939219339 1
55808.655341344005 1
55838.91129049462 1
55869.16723964525 1
55899.42318879587 0
55929.679137946485 2
55959.93508709711 0
55990.19103624773 1
56020.44698539835 4
56050.70293454897 2
56080.9588836996 1
56111.21483285021 1
56141.47078200083 2
56171.72673115146 0
56201.98268030207 1
56232.238629452695 0
56262.49457860332 0
56292.75052775393 2
56323.00647690456 0
56353.26242605518 3
56383.51837520579 2
56413.77432435642 0
56444.03027350704 1
56474.286222657654 1
56504.54217180828 1
56534.798120958905 0
56565.05407010952 3
56595.31001926014 1
56625.56596841077 1
56655.821917561385 1
56686.077866712 0
56716.33381586263 0
56746.58976501325 1
56776.845714163865 1
56807.10166331449 1
56837.35761246511 0
56867.613561615726 2
56897.86951076635 0
56928.12545991697 1
56958.38140906759 0
56988.63735821821 0
57018.89330736883 1
57049.14925651945 3
57079.405205670075 0
57109.6611548207 0
57139.91710397131 0
57170.17305312194 1
57200.42900227256 2
57230.68495142317 1
57260.9409005738 0
57291.19684972442 0
57321.452798875034 0
57351.70874802566 1
57381.964697176285 1
57412.220646326896 2
57442.47659547752 0
57472.73254462815 3
57502.98849377876 0
57533.24444292938 0
57563.50039208001 0
57593.756341230626 2
57624.012290381244 1
57654.26823953187 2
57684.52418868249 1
57714.780137833106 3
57745.03608698373 0
57775.29203613435 0
57805.54798528497 1
57835.80393443559 2
57866.05988358621 3
57896.31583273683 5
57926.571781887455 0
57956.82773103807 2
57987.08368018869 3
58017.339629339316 0
58047.595578489934 3
58077.85152764055 0
58108.10747679118 2
58138.3634259418 2
58168.619375092414 5
58198.87532424304 1
58229.131273393665 4
58259.387222544276 3
58289.6431716949 4
58319.899120845526 5
58350.15506999614 0
58380.41101914676 2
58410.66696829739 6
58440.922917448 1
58471.178866598624 2
58501.43481574925 0
58531.69076489986 4
58561.946714050486 4
58592.20266320111 2
58622.45861235173 3
58652.71456150235 8
58682.97051065297 8
58713.22645980359 8
58743.48240895421 13
58773.738358104834 4
58803.99430725545 12
58834.25025640607 17
58864.506205556696 9
58894.762154707314 17
58925.01810385793 14
58955.27405300856 18
58985.530002159176 17
59015.785951309794 27
59046.04190046042 32
59076.29784961104 32
59106.553798761655 36
59136.80974791228 42
59167.065697062906 34
59197.32164621352 21
59227.57759536414 27
59257.83354451477 16
59288.08949366538 10
59318.345442816004 11
59348.60139196663 4
59378.85734111724 2
59409.113290267866 6
59439.36923941849 3
59469.6251885691 2
59499.88113771973 4
59530.13708687035 4
59560.39303602096 2
59590.64898517159 4
59620.904934322214 4
59651.16088347283 3
59681.41683262345 6
59711.672781774076 1
59741.928730924694 4
59772.18468007531 1
59802.44062922594 3
59832.696578376555 7
59862.95252752717 3
59893.2084766778 6
59923.46442582842 2
59953.720374979035 3
59983.97632412966 8
60014.23227328028 5
60044.4882224309 5
60074.74417158152 2
60105.00012073214 3
60135.25606988276 6
60165.512019033384 6
60195.76796818401 4
60226.02391733462 7
60256.279866485245 6
60286.53581563587 1
60316.79176478648 5
60347.04771393711 6
60377.30366308773 5
60407.55961223834 4
60437.81556138897 6
60468.071510539594 4
60498.327459690205 4
60528.58340884083 5
60558.839357991455 8
60589.095307142066 4
60619.35125629269 7
60649.60720544332 8
60679.863154593935 3
60710.11910374455 9
60740.37505289518 6
60770.6310020458 10
60800.886951196415 12
60831.14290034704 7
60861.39884949766 11
60891.65479864828 8
60921.9107477989 13
60952.16669694952 10
60982.42264610014 13
61012.67859525076 10
61042.93454440138 23
61073.190493552 16
61103.446442702625 36
61133.70239185324 32
61163.95834100386 62
61194.21429015449 192
61224.47023930511 225
61254.72618845572 129
61284.98213760635 30
61315.238086756974 1
61345.494035907584 0
61375.74998505821 0
61406.005934208835 0
61436.261883359446 0
61466.51783251007 0
61496.7737816607 0
61527.02973081131 0
61557.28567996193 0
61587.54162911256 0
61617.79757826317 0
61648.053527413795 0
61678.30947656442 0
61708.56542571504 0
61738.821374865656 0
61769.07732401628 0
61799.3332731669 0
61829.58922231752 0
61859.84517146814 0
61890.10112061876 0
61920.35706976938 0
61950.613018920005 0
61980.86896807062 0
62011.12491722124 0
62041.38086637187 0
62071.636815522485 0
62101.8927646731 0
62132.14871382373 0
62162.404662974346 0
62192.660612124964 0
62222.91656127559 0
62253.172510426215 0
62283.428459576826 0
62313.68440872745 0
62343.94035787808 0
62374.19630702869 0
62404.45225617931 0
62434.70820532994 0
62464.96415448055 0
62495.220103631174 0
62525.4760527818 0
62555.73200193241 0
62585.987951083036 0
62616.24390023366 0
62646.49984938427 0
62676.7557985349 0
62707.01174768552 0
62737.26769683614 0
62767.52364598676 0
62797.779595137385 0
62828.035544288 0
62858.29149343862 0
62888.547442589246 0
62918.803391739864 0
62949.05934089048 1
