# TIME: 181.006176928 s
# Channel Counts
1015.7406411170834 11919
1047.221564050038 11154
1078.702486982993 11350
1110.1834099159473 11391
1141.6643328489022 11489
1173.1452557818566 11658
1204.6261787148114 12003
1236.1071016477658 12101
1267.5880245807207 12166
1299.068947513675 12015
1330.54987044663 12201
1362.0307933795843 12083
1393.5117163125392 11734
1424.9926392454936 11647
1456.4735621784484 11172
1487.954485111403 10619
1519.4354080443577 10339
1550.9163309773123 9802
1582.397253910267 9152
1613.8781768432216 8539
1645.3590997761762 7909
1676.840022709131 7402
1708.3209456420855 6825
1739.8018685750403 6027
1771.2827915079947 5407
1802.7637144409496 4955
1834.244637373904 4597
1865.7255603068588 4077
1897.2064832398135 3487
1928.687406172768 3225
1960.1683291057227 2788
1991.6492520386773 2462
2023.130174971632 2118
2054.6110979045866 1949
2086.092020837541 1725
2117.572943770496 1443
2149.0538667034507 1377
2180.534789636405 1201
2212.0157125693595 1000
2243.4966355023143 903
2274.977558435269 862
2306.458481368224 739
2337.9394043011785 701
2369.420327234133 637
2400.9012501670877 530
2432.3821731000426 533
2463.863096032997 478
2495.3440189659514 475
2526.824941898906 451
2558.305864831861 429
2589.7867877648155 430
2621.26771069777 369
2652.7486336307247 355
2684.2295565636796 398
2715.710479496634 336
2747.191402429589 343
2778.6723253625432 316
2810.153248295498 330
2841.634171228453 342
2873.1150941614073 339
2904.5960170943617 329
2936.0769400273166 347
2967.5578629602714 303
2999.038785893226 296
3030.5197088261802 300
3062.000631759135 305
3093.48155469209 292
3124.962477625045 300
3156.443400557999 283
3187.9243234909536 268
3219.4052464239085 314
3250.8861693568633 308
3282.3670922898177 293
3313.848015222772 275
3345.328938155727 269
3376.809861088682 265
3408.2907840216362 288
3439.7717069545906 274
3471.2526298875455 251
3502.7335528205003 285
3534.2144757534547 264
3565.6953986864096 271
3597.176321619364 286
3628.657244552319 268
3660.1381674852737 261
3691.619090418228 268
3723.1000133511825 270
3754.5809362841374 241
3786.061859217092 284
3817.5427821500466 283
3849.023705083001 231
3880.504628015956 266
3911.9855509489107 269
3943.466473881865 253
3974.9473968148195 235
4006.4283197477744 251
4037.909242680729 244
4069.390165613684 230
4100.871088546638 239
4132.352011479593 229
4163.832934412548 232
4195.313857345502 234
4226.7947802784565 230
4258.275703211411 226
4289.756626144366 231
4321.237549077321 229
4352.718472010275 213
4384.19939494323 213
4415.680317876185 228
4447.161240809139 230
4478.6421637420935 232
4510.123086675048 233
4541.604009608003 197
4573.084932540958 210
4604.565855473913 217
4636.046778406867 212
4667.527701339822 183
4699.008624272777 218
4730.489547205731 182
4761.970470138685 194
4793.45139307164 208
4824.932316004595 202
4856.41323893755 199
4887.894161870504 217
4919.375084803459 177
4950.856007736414 185
4982.336930669368 209
5013.817853602322 204
5045.298776535277 222
5076.779699468232 193
5108.260622401187 181
5139.741545334141 204
5171.222468267096 182
5202.703391200051 213
5234.184314133005 181
5265.665237065959 160
5297.146159998914 173
5328.627082931869 188
5360.108005864824 174
5391.588928797778 171
5423.069851730733 202
5454.550774663688 174
5486.031697596642 195
5517.5126205295965 177
5548.993543462551 177
5580.474466395506 175
5611.955389328461 183
5643.436312261416 160
5674.91723519437 171
5706.398158127325 169
5737.8790810602795 180
5769.3600039932335 168
5800.840926926188 162
5832.321849859143 160
5863.802772792098 177
5895.283695725053 173
5926.764618658007 155
5958.245541590962 183
5989.726464523917 151
6021.2073874568705 174
6052.688310389825 161
6084.16923332278 162
6115.650156255735 137
6147.13107918869 155
6178.612002121645 151
6210.092925054599 161
6241.573847987554 144
6273.054770920508 159
6304.535693853462 144
6336.016616786417 146
6367.497539719372 134
6398.978462652327 144
6430.459385585282 154
6461.940308518236 117
6493.421231451191 131
6524.902154384145 127
6556.3830773171 151
6587.864000250054 131
6619.344923183009 137
6650.825846115964 154
6682.306769048919 146
6713.787691981874 124
6745.268614914828 119
6776.749537847782 129
6808.230460780737 127
6839.711383713691 124
6871.192306646646 140
6902.673229579601 137
6934.154152512556 138
6965.635075445511 118
6997.115998378465 121
7028.5969213114195 110
7060.077844244374 128
7091.558767177329 118
7123.039690110283 105
7154.520613043238 126
7186.001535976193 111
7217.482458909148 111
7248.9633818421025 109
7280.4443047750565 100
7311.925227708011 116
7343.406150640966 106
7374.88707357392 128
7406.367996506875 99
7437.84891943983 126
7469.329842372785 111
7500.81076530574 103
7532.2916882386935 100
7563.772611171648 99
7595.253534104603 124
7626.734457037558 104
7658.215379970512 107
7689.696302903467 103
7721.177225836422 108
7752.658148769377 109
7784.139071702331 101
7815.619994635285 96
7847.10091756824 98
7878.581840501195 94
7910.062763434149 99
7941.543686367104 105
7973.024609300059 108
8004.505532233014 94
8035.986455165968 91
8067.467378098923 90
8098.948301031877 102
8130.429223964832 92
8161.910146897787 83
8193.39106983074 91
8224.871992763696 97
8256.35291569665 101
8287.833838629605 85
8319.31476156256 110
8350.795684495515 93
8382.27660742847 97
8413.757530361425 84
8445.23845329438 90
8476.719376227333 82
8508.200299160288 91
8539.681222093242 87
8571.162145026197 75
8602.643067959152 105
8634.123990892107 78
8665.604913825062 76
8697.085836758017 82
8728.56675969097 87
8760.047682623925 78
8791.52860555688 84
8823.009528489834 69
8854.49045142279 79
8885.971374355744 88
8917.452297288699 68
8948.933220221654 71
8980.414143154609 83
9011.895066087562 67
9043.375989020516 70
9074.856911953471 91
9106.337834886426 77
9137.818757819381 90
9169.299680752336 79
9200.780603685289 76
9232.261526618244 75
9263.742449551199 61
9295.223372484154 69
9326.704295417108 70
9358.185218350063 71
9389.666141283018 58
9421.147064215973 88
9452.627987148928 71
9484.10891008188 56
9515.589833014836 75
9547.07075594779 66
9578.551678880745 57
9610.0326018137 65
9641.513524746655 59
9672.99444767961 84
9704.475370612565 82
9735.956293545518 63
9767.437216478473 58
9798.918139411428 61
9830.399062344382 71
9861.879985277337 55
9893.360908210292 70
9924.841831143247 49
9956.322754076202 76
9987.803677009157 60
10019.28459994211 72
10050.765522875065 61
10082.24644580802 56
10113.727368740974 59
10145.20829167393 56
10176.689214606884 46
10208.170137539839 72
10239.651060472794 52
10271.131983405747 52
10302.612906338702 49
10334.093829271656 56
10365.574752204611 61
10397.055675137566 59
10428.536598070521 68
10460.017521003476 46
10491.49844393643 46
10522.979366869386 53
10554.460289802339 61
10585.941212735293 52
10617.422135668248 50
10648.903058601203 61
10680.383981534158 52
10711.864904467113 57
10743.345827400068 52
10774.826750333023 50
10806.307673265976 48
10837.78859619893 40
10869.269519131885 54
10900.75044206484 53
10932.231364997795 48
10963.71228793075 54
10995.193210863705 61
11026.67413379666 43
11058.155056729614 51
11089.635979662567 52
11121.116902595522 46
11152.597825528477 54
11184.078748461432 48
11215.559671394387 63
11247.040594327342 53
11278.521517260297 59
11310.002440193251 67
11341.483363126204 62
11372.96428605916 47
11404.445208992114 62
11435.926131925069 54
11467.407054858024 50
11498.887977790979 52
11530.368900723934 59
11561.849823656888 42
11593.330746589843 50
11624.811669522798 39
11656.292592455751 44
11687.773515388706 46
11719.254438321661 36
11750.735361254616 44
11782.21628418757 55
11813.697207120525 43
11845.17813005348 47
11876.659052986433 49
11908.139975919388 44
11939.620898852343 44
11971.101821785298 38
12002.582744718253 63
12034.063667651208 47
12065.544590584163 44
12097.025513517117 45
12128.506436450072 49
12159.987359383027 38
12191.46828231598 52
12222.949205248935 50
12254.43012818189 35
12285.911051114845 41
12317.3919740478 40
12348.872896980754 47
12380.35381991371 48
12411.834742846662 38
12443.315665779617 43
12474.796588712572 52
12506.277511645527 32
12537.758434578482 49
12569.239357511437 38
12600.720280444391 43
12632.201203377346 41
12663.682126310301 46
12695.163049243256 42
12726.643972176209 38
12758.124895109164 38
12789.605818042119 47
12821.086740975074 58
12852.567663908028 51
12884.048586840983 50
12915.529509773938 48
12947.010432706891 35
12978.491355639846 43
13009.9722785728 36
13041.453201505756 37
13072.93412443871 44
13104.415047371665 38
13135.89597030462 49
13167.376893237575 50
13198.85781617053 47
13230.338739103485 38
13261.819662036438 49
13293.300584969393 45
13324.781507902348 49
13356.262430835302 47
13387.743353768257 29
13419.224276701212 40
13450.705199634167 55
13482.18612256712 53
13513.667045500075 53
13545.14796843303 48
13576.628891365985 50
13608.10981429894 54
13639.590737231894 53
13671.07166016485 48
13702.552583097804 49
13734.033506030759 36
13765.514428963714 40
13796.995351896667 58
13828.476274829622 40
13859.957197762576 49
13891.438120695531 43
13922.919043628486 31
13954.399966561441 52
13985.880889494396 46
14017.361812427349 47
14048.842735360304 48
14080.323658293259 52
14111.804581226213 51
14143.285504159168 42
14174.766427092123 42
14206.247350025078 57
14237.728272958033 49
14269.209195890988 50
14300.690118823943 41
14332.171041756896 51
14363.65196468985 44
14395.132887622805 44
14426.61381055576 41
14458.094733488715 44
14489.57565642167 36
14521.056579354625 44
14552.537502287578 47
14584.018425220533 40
14615.499348153488 34
14646.980271086442 46
14678.461194019397 55
14709.942116952352 45
14741.423039885307 37
14772.903962818262 47
14804.384885751217 42
14835.865808684171 37
14867.346731617125 37
14898.82765455008 28
14930.308577483034 46
14961.78950041599 37
14993.270423348944 34
15024.751346281899 39
15056.232269214854 42
15087.713192147809 35
15119.194115080762 45
15150.675038013716 44
15182.155960946671 35
15213.636883879626 49
15245.117806812581 45
15276.598729745536 30
15308.07965267849 33
15339.560575611446 44
15371.0414985444 40
15402.522421477353 39
15434.003344410308 45
15465.484267343263 39
15496.965190276218 37
15528.446113209173 33
15559.927036142128 27
15591.407959075083 29
15622.888882008037 33
15654.36980494099 23
15685.850727873945 27
15717.3316508069 31
15748.812573739855 41
15780.29349667281 37
15811.774419605765 40
15843.25534253872 36
15874.736265471674 31
15906.21718840463 30
15937.698111337582 34
15969.179034270537 32
16000.659957203492 36
16032.140880136447 30
16063.621803069402 28
16095.102726002357 28
16126.583648935311 25
16158.064571868266 23
16189.54549480122 28
16221.026417734174 29
16252.507340667129 26
16283.988263600084 27
16315.469186533039 34
16346.950109465994 26
16378.431032398948 30
16409.911955331903 38
16441.392878264858 34
16472.873801197813 18
16504.354724130768 27
16535.835647063723 25
16567.316569996678 22
16598.797492929632 31
16630.278415862587 31
16661.759338795542 21
16693.240261728497 38
16724.721184661452 22
16756.202107594403 21
16787.683030527358 24
16819.163953460313 30
16850.644876393268 21
16882.125799326222 17
16913.606722259177 24
16945.087645192132 22
16976.568568125087 17
17008.049491058042 23
17039.530413990997 19
17071.01133692395 23
17102.492259856906 23
17133.97318278986 18
17165.454105722816 30
17196.93502865577 26
17228.415951588726 26
17259.896874521677 30
17291.377797454632 25
17322.858720387587 22
17354.33964332054 28
17385.820566253497 28
17417.30148918645 28
17448.782412119406 23
17480.26333505236 34
17511.744257985316 22
17543.22518091827 27
17574.706103851226 25
17606.18702678418 21
17637.667949717135 18
17669.14887265009 19
17700.629795583045 20
17732.110718516 23
17763.591641448955 20
17795.07256438191 22
17826.553487314864 28
17858.03441024782 21
17889.515333180774 19
17920.99625611373 28
17952.47717904668 28
17983.958101979635 32
18015.43902491259 28
18046.919947845545 14
18078.4008707785 22
18109.881793711455 23
18141.36271664441 28
18172.843639577364 24
18204.32456251032 21
18235.805485443274 23
18267.28640837623 17
18298.767331309184 23
18330.24825424214 27
18361.729177175093 18
18393.21010010805 22
18424.691023041003 23
18456.171945973954 12
18487.65286890691 18
18519.133791839864 16
18550.61471477282 22
18582.095637705774 21
18613.57656063873 13
18645.057483571683 15
18676.53840650464 12
18708.019329437593 18
18739.500252370548 15
18770.981175303503 27
18802.462098236458 24
18833.943021169413 20
18865.423944102367 23
18896.904867035322 15
18928.385789968277 12
18959.866712901232 30
18991.347635834187 24
19022.828558767138 18
19054.309481700093 17
19085.790404633048 17
19117.271327566003 21
19148.752250498957 27
19180.233173431912 24
19211.714096364867 20
19243.195019297822 16
19274.675942230777 22
19306.15686516373 18
19337.637788096687 27
19369.11871102964 25
19400.599633962596 14
19432.08055689555 21
19463.561479828506 17
19495.04240276146 12
19526.523325694412 24
19558.004248627367 19
19589.48517156032 16
19620.966094493277 23
19652.44701742623 27
19683.927940359186 14
19715.40886329214 17
19746.889786225096 16
19778.37070915805 19
19809.851632091006 19
19841.33255502396 13
19872.813477956915 21
19904.29440088987 18
19935.775323822825 9
19967.25624675578 24
19998.737169688735 18
20030.21809262169 16
20061.699015554645 21
20093.179938487596 17
20124.66086142055 22
20156.141784353505 16
20187.62270728646 21
20219.103630219415 25
20250.58455315237 20
20282.065476085325 26
20313.54639901828 17
20345.027321951235 14
20376.50824488419 21
20407.989167817144 22
20439.4700907501 16
20470.951013683054 24
20502.43193661601 11
20533.912859548964 18
20565.39378248192 20
20596.87470541487 23
20628.355628347825 13
20659.83655128078 24
20691.317474213734 16
20722.79839714669 13
20754.279320079644 20
20785.7602430126 18
20817.241165945554 10
20848.72208887851 18
20880.203011811464 15
20911.68393474442 16
20943.164857677373 20
20974.645780610328 18
21006.126703543283 25
21037.607626476238 21
21069.088549409193 16
21100.569472342147 26
21132.050395275102 18
21163.531318208054 16
21195.01224114101 22
21226.493164073963 14
21257.974087006918 19
21289.455009939873 12
21320.935932872828 23
21352.416855805783 18
21383.897778738738 22
21415.378701671692 7
21446.859624604647 16
21478.340547537602 21
21509.821470470557 16
21541.30239340351 22
21572.783316336467 24
21604.26423926942 15
21635.745162202376 13
21667.22608513533 12
21698.707008068282 19
21730.187931001237 15
21761.668853934192 16
21793.149776867147 16
21824.630699800102 14
21856.111622733057 22
21887.59254566601 20
21919.073468598966 22
21950.55439153192 22
21982.035314464876 24
22013.51623739783 17
22044.997160330786 18
22076.47808326374 18
22107.959006196696 20
22139.43992912965 14
22170.920852062605 16
22202.40177499556 15
22233.882697928515 17
22265.363620861466 26
22296.84454379442 15
22328.325466727376 17
22359.80638966033 17
22391.287312593286 19
22422.76823552624 10
22454.249158459195 20
22485.73008139215 21
22517.211004325105 16
22548.69192725806 20
22580.172850191015 19
22611.65377312397 20
22643.134696056924 22
22674.61561898988 16
22706.096541922834 26
22737.57746485579 19
22769.05838778874 12
22800.539310721695 17
22832.02023365465 14
22863.501156587605 16
22894.98207952056 13
22926.463002453514 26
22957.94392538647 18
22989.424848319424 24
23020.90577125238 8
23052.386694185334 17
23083.86761711829 18
23115.348540051244 12
23146.8294629842 18
23178.310385917153 20
23209.791308850108 14
23241.272231783063 19
23272.753154716018 16
23304.234077648973 26
23335.715000581924 12
23367.19592351488 20
23398.676846447834 14
23430.15776938079 20
23461.638692313743 19
23493.1196152467 12
23524.600538179653 21
23556.081461112608 13
23587.562384045563 17
23619.043306978518 11
23650.524229911473 11
23682.005152844427 10
23713.486075777382 20
23744.966998710337 22
23776.447921643292 16
23807.928844576247 20
23839.409767509198 20
23870.890690442153 20
23902.371613375108 14
23933.852536308063 17
23965.333459241017 17
23996.814382173972 9
24028.295305106927 10
24059.776228039882 11
24091.257150972837 16
24122.73807390579 17
24154.218996838747 18
24185.6999197717 20
24217.180842704656 18
24248.66176563761 13
24280.142688570566 12
24311.62361150352 12
24343.104534436476 13
24374.58545736943 15
24406.06638030238 12
24437.547303235337 23
24469.02822616829 18
24500.509149101246 18
24531.9900720342 18
24563.470994967156 10
24594.95191790011 6
24626.432840833066 15
24657.91376376602 11
24689.394686698975 11
24720.87560963193 8
24752.356532564885 17
24783.83745549784 9
24815.318378430795 10
24846.79930136375 14
24878.280224296705 12
24909.761147229656 19
24941.24207016261 15
24972.722993095565 9
25004.20391602852 12
25035.684838961475 12
25067.16576189443 13
25098.646684827385 12
25130.12760776034 19
25161.608530693295 12
25193.08945362625 12
25224.570376559204 17
25256.05129949216 22
25287.532222425114 8
25319.01314535807 12
25350.494068291024 11
25381.97499122398 13
25413.455914156933 7
25444.93683708989 13
25476.41776002284 6
25507.898682955794 12
25539.37960588875 12
25570.860528821704 7
25602.34145175466 7
25633.822374687614 14
25665.30329762057 9
25696.784220553523 13
25728.26514348648 12
25759.746066419433 11
25791.226989352388 11
25822.707912285343 10
25854.188835218298 11
25885.669758151253 9
25917.150681084207 14
25948.631604017162 14
25980.112526950114 14
26011.59344988307 8
26043.074372816023 8
26074.555295748978 17
26106.036218681933 13
26137.517141614888 14
26168.998064547843 9
26200.478987480798 10
26231.959910413752 11
26263.440833346707 7
26294.921756279662 7
26326.402679212617 7
26357.88360214557 15
26389.364525078527 15
26420.84544801148 19
26452.326370944436 7
26483.80729387739 14
26515.288216810346 5
26546.769139743297 9
26578.250062676252 9
26609.730985609207 10
26641.211908542162 22
26672.692831475117 16
26704.17375440807 12
26735.654677341026 17
26767.13560027398 8
26798.616523206936 10
26830.09744613989 7
26861.578369072846 13
26893.0592920058 11
26924.540214938756 8
26956.02113787171 10
26987.502060804665 11
27018.98298373762 21
27050.46390667057 10
27081.944829603526 12
27113.42575253648 11
27144.906675469436 9
27176.38759840239 7
27207.868521335346 11
27239.3494442683 13
27270.830367201255 13
27302.31129013421 12
27333.792213067165 12
27365.27313600012 9
27396.754058933075 15
27428.23498186603 11
27459.715904798984 16
27491.19682773194 12
27522.677750664894 10
27554.15867359785 12
27585.639596530804 7
27617.120519463755 11
27648.60144239671 17
27680.082365329665 12
27711.56328826262 11
27743.044211195574 11
27774.52513412853 9
27806.006057061484 11
27837.48697999444 10
27868.967902927394 7
27900.44882586035 7
27931.929748793304 9
27963.41067172626 9
27994.891594659213 11
28026.372517592168 14
28057.853440525123 12
28089.334363458078 14
28120.81528639103 11
28152.296209323984 12
28183.77713225694 7
28215.258055189894 7
28246.73897812285 12
28278.219901055803 12
28309.70082398876 8
28341.181746921713 8
28372.662669854668 11
28404.143592787623 13
28435.624515720578 8
28467.105438653532 7
28498.586361586487 11
28530.067284519442 14
28561.548207452397 13
28593.029130385352 9
28624.510053318307 8
28655.99097625126 11
28687.471899184213 13
28718.952822117168 11
28750.433745050123 9
28781.914667983077 7
28813.395590916032 12
28844.876513848987 11
28876.357436781942 8
28907.838359714897 8
28939.31928264785 11
28970.800205580807 13
29002.28112851376 12
29033.762051446716 7
29065.24297437967 10
29096.723897312626 14
29128.20482024558 11
29159.685743178536 11
29191.16666611149 12
29222.64758904444 9
29254.128511977397 6
29285.60943491035 7
29317.090357843306 8
29348.57128077626 11
29380.052203709216 7
29411.53312664217 4
29443.014049575126 8
29474.49497250808 14
29505.975895441035 9
29537.45681837399 9
29568.937741306945 9
29600.4186642399 15
29631.899587172855 6
29663.38051010581 7
29694.861433038765 10
29726.34235597172 14
29757.823278904674 5
29789.304201837625 9
29820.78512477058 9
29852.266047703535 6
29883.74697063649 9
29915.227893569445 7
29946.7088165024 15
29978.189739435355 11
30009.67066236831 14
30041.151585301264 9
30072.63250823422 3
30104.113431167174 9
30135.59435410013 12
30167.075277033084 10
30198.55619996604 11
30230.037122898993 11
30261.51804583195 7
30292.9989687649 8
30324.479891697854 9
30355.96081463081 11
30387.441737563764 9
30418.92266049672 7
30450.403583429674 8
30481.88450636263 8
30513.365429295583 8
30544.84635222854 8
30576.327275161493 9
30607.808198094448 8
30639.289121027403 8
30670.770043960358 7
30702.250966893313 8
30733.731889826267 7
30765.212812759222 8
30796.693735692177 4
30828.174658625132 5
30859.655581558083 9
30891.136504491038 13
30922.617427423993 9
30954.098350356948 14
30985.579273289903 9
31017.060196222857 10
31048.541119155812 6
31080.022042088767 9
31111.502965021722 8
31142.983887954677 8
31174.46481088763 7
31205.945733820587 6
31237.42665675354 7
31268.907579686496 4
31300.38850261945 7
31331.869425552406 8
31363.350348485357 5
31394.831271418312 8
31426.312194351267 6
31457.79311728422 7
31489.274040217177 15
31520.75496315013 13
31552.235886083086 5
31583.71680901604 9
31615.197731948996 7
31646.67865488195 8
31678.159577814906 10
31709.64050074786 6
31741.121423680815 7
31772.60234661377 10
31804.083269546725 7
31835.56419247968 9
31867.045115412635 5
31898.52603834559 7
31930.00696127854 5
31961.487884211496 3
31992.96880714445 11
32024.449730077406 7
32055.93065301036 11
32087.411575943315 3
32118.89249887627 4
32150.373421809225 4
32181.85434474218 7
32213.335267675135 3
32244.81619060809 3
32276.297113541044 5
32307.778036474 5
32339.258959406954 6
32370.73988233991 5
32402.220805272864 6
32433.701728205815 10
32465.18265113877 3
32496.663574071725 6
32528.14449700468 10
32559.625419937634 9
32591.10634287059 4
32622.587265803544 5
32654.0681887365 7
32685.549111669454 5
32717.03003460241 4
32748.510957535364 10
32779.99188046832 9
32811.47280340127 10
32842.95372633423 8
32874.43464926718 7
32905.91557220014 13
32937.39649513309 5
32968.87741806604 8
33000.358340998995 10
33031.83926393195 7
33063.320186864905 4
33094.80110979786 7
33126.282032730815 7
33157.76295566377 4
33189.243878596724 9
33220.72480152968 10
33252.205724462634 6
33283.68664739559 6
33315.167570328544 6
33346.6484932615 6
33378.12941619445 11
33409.61033912741 8
33441.09126206036 10
33472.57218499332 8
33504.05310792627 6
33535.53403085923 11
33567.01495379218 13
33598.49587672514 14
33629.97679965809 13
33661.45772259105 4
33692.938645524 9
33724.41956845696 11
33755.90049138991 11
33787.38141432287 15
33818.862337255814 8
33850.34326018877 16
33881.824183121724 12
33913.30510605468 14
33944.78602898763 12
33976.26695192059 14
34007.74787485354 10
34039.2287977865 8
34070.70972071945 9
34102.19064365241 10
34133.67156658536 11
34165.15248951832 13
34196.63341245127 16
34228.11433538423 9
34259.59525831718 13
34291.07618125014 17
34322.55710418309 17
34354.03802711605 14
34385.518950049 18
34416.999872981956 18
34448.48079591491 16
34479.961718847866 23
34511.44264178082 11
34542.923564713776 12
34574.40448764673 19
34605.885410579685 10
34637.36633351264 21
34668.847256445595 16
34700.32817937855 15
34731.809102311505 16
34763.29002524446 22
34794.770948177415 15
34826.25187111037 13
34857.73279404332 11
34889.21371697627 12
34920.69463990923 23
34952.17556284218 20
34983.65648577514 24
35015.13740870809 16
35046.618331641046 20
35078.099254574 19
35109.580177506956 30
35141.06110043991 18
35172.542023372866 14
35204.02294630582 11
35235.503869238775 22
35266.98479217173 18
35298.465715104685 20
35329.94663803764 16
35361.427560970595 19
35392.90848390355 21
35424.389406836504 25
35455.87032976946 15
35487.351252702414 16
35518.83217563537 19
35550.313098568324 27
35581.79402150128 26
35613.27494443423 17
35644.75586736719 10
35676.23679030014 27
35707.7177132331 21
35739.19863616605 24
35770.67955909901 16
35802.16048203196 14
35833.64140496492 15
35865.12232789787 16
35896.60325083083 17
35928.08417376378 21
35959.56509669673 16
35991.046019629684 26
36022.52694256264 14
36054.007865495594 19
36085.48878842855 23
36116.969711361504 19
36148.45063429446 19
36179.93155722741 15
36211.41248016037 19
36242.89340309332 22
36274.37432602628 22
36305.85524895923 26
36337.33617189219 15
36368.81709482514 23
36400.2980177581 20
36431.77894069105 25
36463.25986362401 11
36494.74078655696 16
36526.22170948992 22
36557.70263242287 24
36589.18355535583 15
36620.66447828878 14
36652.14540122174 16
36683.62632415469 12
36715.107247087646 18
36746.5881700206 21
36778.069092953556 16
36809.55001588651 16
36841.030938819466 24
36872.51186175242 16
36903.992784685375 21
36935.47370761833 17
36966.954630551285 12
36998.43555348423 15
37029.91647641719 17
37061.39739935014 20
37092.8783222831 10
37124.35924521605 16
37155.84016814901 14
37187.32109108196 17
37218.80201401492 18
37250.28293694787 23
37281.763859880826 11
37313.24478281378 9
37344.725705746736 9
37376.20662867969 20
37407.687551612646 13
37439.1684745456 17
37470.649397478555 18
37502.13032041151 18
37533.611243344465 11
37565.09216627742 10
37596.573089210375 15
37628.05401214333 8
37659.534935076284 8
37691.01585800924 8
37722.496780942194 8
37753.97770387515 13
37785.458626808104 7
37816.93954974106 12
37848.42047267401 15
37879.90139560697 7
37911.38231853992 4
37942.86324147288 9
37974.34416440583 11
38005.82508733879 5
38037.30601027174 5
38068.7869332047 10
38100.267856137645 5
38131.7487790706 8
38163.229702003555 8
38194.71062493651 16
38226.191547869465 12
38257.67247080242 12
38289.153393735374 5
38320.63431666833 10
38352.115239601284 4
38383.59616253424 10
38415.077085467194 5
38446.55800840015 15
38478.0389313331 6
38509.51985426606 5
38541.00077719901 5
38572.48170013197 5
38603.96262306492 3
38635.44354599788 7
38666.92446893083 7
38698.40539186379 6
38729.88631479674 5
38761.3672377297 8
38792.84816066265 6
38824.32908359561 4
38855.81000652856 7
38887.29092946152 5
38918.77185239447 5
38950.252775327426 8
38981.73369826038 2
39013.214621193336 7
39044.69554412629 4
39076.176467059246 6
39107.6573899922 6
39139.13831292515 9
39170.6192358581 5
39202.10015879106 7
39233.58108172401 5
39265.06200465697 4
39296.54292758992 4
39328.02385052288 1
39359.50477345583 2
39390.98569638879 1
39422.46661932174 2
39453.9475422547 9
39485.42846518765 10
39516.909388120606 6
39548.39031105356 6
39579.871233986516 4
39611.35215691947 2
39642.833079852426 6
39674.31400278538 3
39705.794925718335 6
39737.27584865129 5
39768.756771584245 5
39800.2376945172 3
39831.718617450155 6
39863.19954038311 3
39894.680463316065 5
39926.16138624902 3
39957.642309181974 3
39989.12323211493 8
40020.604155047884 8
40052.08507798084 5
40083.566000913794 4
40115.04692384675 6
40146.5278467797 6
40178.00876971266 3
40209.48969264561 3
40240.97061557856 7
40272.451538511516 6
40303.93246144447 0
40335.413384377425 5
40366.89430731038 3
40398.375230243335 0
40429.85615317629 7
40461.337076109245 6
40492.8179990422 1
40524.298921975154 2
40555.77984490811 8
40587.260767841064 3
40618.74169077402 2
40650.222613706974 2
40681.70353663993 6
40713.18445957288 2
40744.66538250584 4
40776.14630543879 5
40807.62722837175 1
40839.1081513047 4
40870.58907423766 6
40902.06999717061 3
40933.55092010357 3
40965.03184303652 4
40996.51276596948 3
41027.99368890243 3
41059.47461183539 2
41090.95553476834 3
41122.4364577013 3
41153.91738063425 6
41185.398303567206 4
41216.87922650016 3
41248.360149433116 3
41279.84107236606 3
41311.32199529902 3
41342.80291823197 3
41374.28384116493 8
41405.76476409788 4
41437.24568703084 3
41468.72660996379 5
41500.20753289675 3
41531.6884558297 1
41563.16937876266 4
41594.65030169561 2
41626.13122462857 3
41657.61214756152 6
41689.09307049448 11
41720.57399342743 3
41752.05491636039 3
41783.53583929334 8
41815.016762226296 5
41846.49768515925 7
41877.978608092206 2
41909.45953102516 5
41940.940453958116 6
41972.42137689107 3
42003.902299824025 1
42035.38322275698 1
42066.864145689935 1
42098.34506862289 4
42129.825991555845 2
42161.3069144888 0
42192.787837421754 3
42224.26876035471 1
42255.749683287664 4
42287.23060622062 3
42318.711529153574 4
42350.19245208653 3
42381.67337501948 3
42413.15429795243 1
42444.635220885386 3
42476.11614381834 5
42507.597066751296 4
42539.07798968425 2
42570.558912617205 2
42602.03983555016 5
42633.520758483115 1
42665.00168141607 3
42696.482604349025 4
42727.96352728198 7
42759.444450214934 4
42790.92537314789 3
42822.406296080844 5
42853.8872190138 4
42885.368141946754 3
42916.84906487971 4
42948.32998781266 2
42979.81091074562 3
43011.29183367857 3
43042.77275661153 2
43074.25367954448 3
43105.73460247744 3
43137.21552541039 8
43168.69644834335 1
43200.1773712763 3
43231.65829420926 3
43263.13921714221 6
43294.62014007517 1
43326.10106300812 6
43357.58198594108 0
43389.06290887403 7
43420.54383180699 5
43452.024754739934 2
43483.50567767289 2
43514.986600605844 6
43546.4675235388 4
43577.94844647175 4
43609.42936940471 4
43640.91029233766 5
43672.39121527062 2
43703.87213820357 3
43735.35306113653 1
43766.83398406948 6
43798.31490700244 4
43829.79582993539 4
43861.27675286835 5
43892.7576758013 1
43924.23859873426 1
43955.71952166721 3
43987.20044460017 8
44018.68136753312 1
44050.162290466076 5
44081.64321339903 8
44113.124136331986 2
44144.60505926494 2
44176.085982197896 3
44207.56690513085 5
44239.047828063805 7
44270.52875099676 6
44302.009673929715 5
44333.49059686267 4
44364.971519795625 0
44396.45244272858 4
44427.933365661534 4
44459.41428859449 2
44490.895211527444 5
44522.3761344604 4
44553.85705739335 4
44585.3379803263 1
44616.818903259256 4
44648.29982619221 5
44679.780749125166 1
44711.26167205812 3
44742.742594991076 2
44774.22351792403 5
44805.704440856985 2
44837.18536378994 5
44868.666286722895 5
44900.14720965585 2
44931.628132588805 1
44963.10905552176 5
44994.589978454715 1
45026.07090138767 2
45057.551824320624 4
45089.03274725358 1
45120.513670186534 4
45151.99459311949 4
45183.475516052444 1
45214.9564389854 4
45246.43736191835 3
45277.91828485131 2
45309.39920778426 3
45340.88013071722 1
45372.36105365017 3
45403.84197658313 5
45435.32289951608 2
45466.80382244904 4
45498.28474538199 3
45529.76566831495 1
45561.2465912479 4
45592.72751418085 1
45624.208437113804 0
45655.68936004676 5
45687.170282979714 3
45718.65120591267 4
45750.132128845624 1
45781.61305177858 3
45813.09397471153 2
45844.57489764449 1
45876.05582057744 5
45907.5367435104 2
45939.01766644335 2
45970.49858937631 1
46001.97951230926 1
46033.46043524222 6
46064.94135817517 3
46096.42228110813 5
46127.90320404108 3
46159.38412697404 1
46190.86504990699 1
46222.34597283995 1
46253.8268957729 0
46285.307818705856 4
46316.78874163881 0
46348.269664571766 2
46379.75058750472 2
46411.231510437676 2
46442.71243337063 1
46474.193356303585 0
46505.67427923654 3
46537.155202169495 1
46568.63612510245 2
46600.117048035405 1
46631.59797096836 0
46663.078893901315 1
46694.55981683426 2
46726.04073976722 1
46757.52166270017 0
46789.00258563313 3
46820.48350856608 0
46851.96443149904 1
46883.44535443199 2
46914.926277364946 1
46946.4072002979 3
46977.888123230856 1
47009.36904616381 0
47040.849969096766 1
47072.33089202972 0
47103.811814962675 0
47135.29273789563 1
47166.773660828585 1
47198.25458376154 0
47229.735506694495 0
47261.21642962745 1
47292.697352560404 0
47324.17827549336 1
47355.659198426314 0
47387.14012135927 1
47418.621044292224 4
47450.10196722518 0
47481.58289015813 4
47513.06381309109 3
47544.54473602404 0
47576.025658957 2
47607.50658188995 2
47638.98750482291 3
47670.46842775586 2
47701.94935068882 0
47733.430273621765 2
47764.91119655472 1
47796.392119487675 2
47827.87304242063 1
47859.353965353584 2
47890.83488828654 2
47922.315811219494 0
47953.79673415245 0
47985.277657085404 0
48016.75858001836 0
48048.23950295131 2
48079.72042588427 1
48111.20134881722 2
48142.68227175018 1
48174.16319468313 0
48205.64411761609 2
48237.12504054904 1
48268.605963482 1
48300.08688641495 1
48331.56780934791 3
48363.04873228086 1
48394.52965521382 2
48426.01057814677 2
48457.49150107973 0
48488.97242401268 2
48520.45334694564 0
48551.93426987859 1
48583.415192811546 1
48614.8961157445 2
48646.377038677456 1
48677.85796161041 1
48709.338884543366 1
48740.81980747632 4
48772.300730409275 2
48803.78165334223 2
48835.26257627518 2
48866.74349920813 2
48898.22442214109 0
48929.70534507404 1
48961.186268007 0
48992.66719093995 1
49024.14811387291 2
49055.62903680586 1
49087.10995973882 2
49118.59088267177 0
49150.071805604726 0
49181.55272853768 0
49213.033651470636 0
49244.51457440359 0
49275.995497336546 2
49307.4764202695 3
49338.957343202455 0
49370.43826613541 1
49401.919189068365 0
49433.40011200132 2
49464.881034934275 0
49496.36195786723 1
49527.842880800185 2
49559.32380373314 0
49590.804726666094 0
49622.28564959905 1
49653.766572532004 2
49685.24749546496 1
49716.72841839791 0
49748.20934133087 2
49779.69026426382 1
49811.17118719678 2
49842.65211012973 3
49874.13303306269 1
49905.613955995635 3
49937.09487892859 3
49968.575801861545 1
50000.0567247945 1
50031.537647727455 1
50063.01857066041 1
50094.499493593365 2
50125.98041652632 1
50157.461339459274 1
50188.94226239223 1
50220.423185325184 1
50251.90410825814 1
50283.385031191094 1
50314.86595412405 0
50346.346877057 1
50377.82779998996 2
50409.30872292291 0
50440.78964585587 0
50472.27056878882 1
50503.75149172178 1
50535.23241465473 1
50566.71333758769 1
50598.19426052064 0
50629.6751834536 0
50661.15610638655 3
50692.63702931951 0
50724.11795225246 1
50755.59887518542 2
50787.07979811837 0
50818.560721051326 2
50850.04164398428 1
50881.522566917236 1
50913.00348985019 5
50944.484412783146 4
50975.9653357161 1
51007.44625864905 4
51038.927181582 2
51070.40810451496 1
51101.88902744791 3
51133.36995038087 1
51164.85087331382 3
51196.33179624678 2
51227.81271917973 2
51259.29364211269 1
51290.77456504564 1
51322.2554879786 1
51353.73641091155 2
51385.217333844506 2
51416.69825677746 1
51448.179179710416 1
51479.66010264337 2
51511.141025576326 0
51542.62194850928 0
51574.102871442235 2
51605.58379437519 0
51637.064717308145 1
51668.5456402411 1
51700.026563174055 1
51731.50748610701 0
51762.988409039965 1
51794.46933197292 2
51825.950254905874 0
51857.43117783883 1
51888.912100771784 0
51920.39302370474 1
51951.873946637694 2
51983.35486957065 3
52014.8357925036 3
52046.31671543655 2
52077.797638369506 4
52109.27856130246 4
52140.759484235416 3
52172.24040716837 1
52203.721330101325 0
52235.20225303428 2
52266.683175967235 2
52298.16409890019 4
52329.645021833145 0
52361.1259447661 1
52392.606867699054 0
52424.08779063201 2
52455.568713564964 1
52487.04963649792 2
52518.530559430874 3
52550.01148236383 2
52581.49240529678 2
52612.97332822974 1
52644.45425116269 1
52675.93517409565 2
52707.4160970286 2
52738.89701996156 3
52770.37794289451 2
52801.85886582747 2
52833.33978876042 1
52864.82071169338 1
52896.30163462633 1
52927.78255755929 1
52959.26348049224 1
52990.7444034252 2
53022.22532635815 0
53053.706249291106 1
53085.18717222406 1
53116.668095157016 2
53148.149018089964 0
53179.62994102292 1
53211.11086395587 3
53242.59178688883 1
53274.07270982178 1
53305.55363275474 1
53337.03455568769 1
53368.51547862065 2
53399.9964015536 0
53431.47732448656 0
53462.95824741951 0
53494.43917035247 2
53525.92009328542 1
53557.40101621838 1
53588.88193915133 3
53620.36286208429 1
53651.84378501724 1
53683.324707950196 1
53714.80563088315 2
53746.286553816106 2
53777.76747674906 2
53809.248399682016 0
53840.72932261497 2
53872.210245547925 0
53903.69116848088 1
53935.172091413835 1
53966.65301434679 2
53998.133937279745 1
54029.6148602127 4
54061.095783145654 1
54092.57670607861 5
54124.057629011564 1
54155.53855194452 1
54187.01947487747 2
54218.50039781042 3
54249.981320743376 0
54281.46224367633 3
54312.943166609286 3
54344.42408954224 0
54375.905012475196 4
54407.38593540815 1
54438.866858341105 6
54470.34778127406 3
54501.828704207015 1
54533.30962713997 3
54564.790550072925 0
54596.27147300588 1
54627.752395938835 3
54659.23331887179 4
54690.714241804744 3
54722.1951647377 3
54753.676087670654 1
54785.15701060361 1
54816.637933536564 2
54848.11885646952 1
54879.59977940247 0
54911.08070233543 1
54942.56162526838 2
54974.04254820134 0
55005.52347113429 0
55037.00439406725 3
55068.4853170002 0
55099.96623993316 2
55131.44716286611 0
55162.92808579907 0
55194.40900873202 3
55225.88993166498 1
55257.37085459793 1
55288.85177753088 1
55320.332700463834 0
55351.81362339679 3
55383.294546329744 2
55414.7754692627 3
55446.25639219565 0
55477.73731512861 0
55509.21823806156 0
55540.69916099452 1
55572.18008392747 3
55603.66100686043 0
55635.14192979338 2
55666.62285272634 2
55698.10377565929 0
55729.58469859225 0
55761.0656215252 1
55792.54654445816 1
55824.02746739111 3
55855.50839032407 0
55886.98931325702 1
55918.470236189976 0
55949.95115912293 0
55981.432082055886 1
56012.91300498884 1
56044.393927921796 2
56075.87485085475 1
56107.355773787705 0
56138.83669672066 2
56170.317619653615 0
56201.79854258657 3
56233.279465519525 3
56264.76038845248 1
56296.241311385435 0
56327.72223431838 2
56359.20315725134 1
56390.68408018429 1
56422.16500311725 1
56453.6459260502 2
56485.12684898316 2
56516.60777191611 0
56548.088694849066 0
56579.56961778202 2
56611.050540714976 0
56642.53146364793 2
56674.012386580886 2
56705.49330951384 0
56736.974232446795 1
56768.45515537975 2
56799.936078312705 1
56831.41700124566 3
56862.897924178615 2
56894.37884711157 2
56925.859770044524 1
56957.34069297748 2
56988.821615910434 1
57020.30253884339 0
57051.783461776344 1
57083.2643847093 0
57114.74530764225 0
57146.22623057521 1
57177.70715350816 0
57209.18807644112 1
57240.66899937407 2
57272.14992230703 0
57303.63084523998 0
57335.11176817294 2
57366.59269110589 0
57398.07361403885 0
57429.5545369718 1
57461.03545990475 1
57492.516382837704 0
57523.99730577066 2
57555.478228703614 0
57586.95915163657 1
57618.440074569524 1
57649.92099750248 1
57681.40192043543 0
57712.88284336839 1
57744.36376630134 2
57775.8446892343 0
57807.32561216725 0
57838.80653510021 0
57870.28745803316 1
57901.76838096612 2
57933.24930389907 1
57964.73022683203 1
57996.21114976498 2
58027.69207269794 2
58059.17299563089 2
58090.65391856385 3
58122.1348414968 3
58153.61576442976 0
58185.09668736271 2
58216.577610295666 0
58248.05853322862 1
58279.539456161576 1
58311.02037909453 0
58342.501302027486 5
58373.98222496044 4
58405.463147893395 1
58436.94407082635 2
58468.424993759305 2
58499.90591669225 3
58531.38683962521 4
58562.86776255816 4
58594.34868549112 4
58625.82960842407 4
58657.31053135703 0
58688.79145428998 4
58720.27237722294 3
58751.75330015589 4
58783.234223088846 6
58814.7151460218 5
58846.196068954756 13
58877.67699188771 9
58909.157914820666 13
58940.63883775362 25
58972.119760686575 23
59003.60068361953 30
59035.081606552485 28
59066.56252948544 40
59098.043452418395 37
59129.52437535135 40
59161.005298284304 30
59192.48622121726 35
59223.967144150214 22
59255.44806708317 27
59286.928990016124 15
59318.40991294908 11
59349.89083588203 6
59381.37175881499 6
59412.85268174794 3
59444.3336046809 0
59475.81452761385 4
59507.29545054681 3
59538.77637347976 0
59570.25729641272 2
59601.738219345665 2
59633.21914227862 4
59664.700065211575 1
59696.18098814453 0
59727.661911077485 2
59759.14283401044 3
59790.623756943394 2
59822.10467987635 1
59853.585602809304 2
59885.06652574226 5
59916.547448675214 4
59948.02837160817 4
59979.50929454112 5
60010.99021747408 5
60042.47114040703 2
60073.95206333999 4
60105.43298627294 4
60136.9139092059 3
60168.39483213885 5
60199.87575507181 2
60231.35667800476 3
60262.83760093772 2
60294.31852387067 6
60325.79944680363 7
60357.28036973658 4
60388.76129266954 5
60420.24221560249 4
60451.723138535446 5
60483.2040614684 5
60514.684984401356 3
60546.16590733431 5
60577.646830267266 4
60609.12775320022 4
60640.60867613317 6
60672.08959906612 6
60703.57052199908 5
60735.05144493203 9
60766.53236786499 3
60798.01329079794 7
60829.4942137309 10
60860.97513666385 9
60892.45605959681 9
60923.93698252976 10
60955.41790546272 11
60986.89882839567 10
61018.379751328626 19
61049.86067426158 15
61081.341597194536 21
61112.82252012749 35
61144.303443060446 41
61175.7843659934 121
61207.265288926355 249
61238.74621185931 210
61270.227134792265 52
61301.70805772522 5
61333.188980658175 0
61364.66990359113 0
61396.150826524085 0
61427.63174945704 0
61459.112672389994 0
61490.59359532295 0
61522.074518255904 0
61553.55544118886 0
61585.036364121814 0
61616.51728705477 0
61647.99820998772 0
61679.47913292068 0
61710.96005585363 0
61742.44097878658 0
61773.921901719536 0
61805.40282465249 0
61836.883747585445 0
61868.3646705184 0
61899.845593451355 0
61931.32651638431 0
61962.807439317265 0
61994.28836225022 0
62025.769285183174 0
62057.25020811613 0
62088.731131049084 0
62120.21205398204 0
62151.692976914994 0
62183.17389984795 0
62214.6548227809 0
62246.13574571386 0
62277.61666864681 0
62309.09759157977 0
62340.57851451272 0
62372.05943744568 0
62403.54036037863 0
62435.02128331159 0
62466.50220624454 0
62497.9831291775 0
62529.46405211045 0
62560.94497504341 0
62592.42589797636 0
62623.90682090932 0
62655.38774384227 0
62686.868666775226 0
62718.34958970818 0
62749.830512641136 0
62781.31143557408 0
62812.79235850704 0
62844.27328143999 0
62875.75420437295 0
62907.2351273059 0
62938.71605023886 0
62970.19697317181 0
63001.67789610477 0
63033.15881903772 0
63064.63974197068 0
63096.12066490363 0
63127.60158783659 0
63159.08251076954 0
63190.5634337025 0
63222.04435663545 0
63253.52527956841 0
63285.00620250136 0
63316.487125434316 0
63347.96804836727 0
63379.448971300226 0
63410.92989423318 0
63442.410817166136 0
63473.89174009909 0
63505.372663032045 0
63536.853585965 0
63568.334508897955 0
63599.81543183091 0
63631.296354763865 0
63662.77727769682 0
63694.258200629774 0
63725.73912356273 0
63757.220046495684 0
63788.70096942864 0
63820.181892361594 0
63851.66281529455 0
63883.143738227496 0
63914.62466116045 0
63946.105584093406 0
63977.58650702636 0
64009.067429959316 0
64040.54835289227 0
64072.029275825225 0
64103.51019875818 0
64134.991121691135 0
64166.47204462409 0
64197.952967557045 0
64229.43389049 0
64260.914813422954 0
64292.39573635591 0
64323.876659288864 0
64355.35758222182 0
64386.838505154774 0
64418.31942808773 0
64449.80035102068 0
64481.28127395364 0
64512.76219688659 0
64544.24311981955 0
64575.7240427525 0
64607.20496568546 0
64638.68588861841 0
64670.16681155137 0
64701.64773448432 0
64733.12865741728 0
64764.60958035023 0
64796.09050328319 0
64827.57142621614 0
64859.0523491491 0
64890.53327208205 0
64922.014195015 0
64953.495117947954 0
64984.97604088091 0
65016.456963813864 0
65047.93788674682 0
65079.41880967977 0
65110.89973261273 0
65142.38065554568 0
65173.86157847864 0
65205.34250141159 0
65236.82342434455 0
65268.3043472775 0
65299.78527021046 0
65331.26619314341 0
65362.74711607637 0
65394.22803900932 0
65425.70896194228 0
65457.18988487523 1
