# TIME: 180.36712896 s
# Channel Counts
1015.6341728901084 3687
1046.8956645516187 2395
1078.157156213129 1523
1109.4186478746392 1078
1140.6801395361492 724
1171.9416311976593 541
1203.2031228591695 426
1234.4646145206798 344
1265.72610618219 296
1296.9875978437003 321
1328.2490895052103 272
1359.5105811667204 281
1390.7720728282306 268
1422.033564489741 294
1453.2950561512512 299
1484.5565478127612 298
1515.8180394742712 315
1547.0795311357815 305
1578.3410227972918 313
1609.602514458802 338
1640.8640061203123 312
1672.1254977818226 311
1703.3869894433324 357
1734.6484811048426 321
1765.909972766353 357
1797.1714644278632 333
1828.4329560893734 348
1859.6944477508835 356
1890.9559394123935 393
1922.2174310739038 403
1953.478922735414 379
1984.7404143969243 375
2016.0019060584345 364
2047.2633977199446 372
2078.5248893814546 381
2109.786381042965 351
2141.047872704475 371
2172.3093643659854 332
2203.5708560274957 365
2234.8323476890055 358
2266.0938393505157 365
2297.355331012026 347
2328.6168226735363 338
2359.8783143350465 361
2391.139805996557 357
2422.401297658067 379
2453.662789319577 353
2484.924280981087 314
2516.1857726425974 331
2547.4472643041076 294
2578.7087559656175 312
2609.9702476271277 320
2641.231739288638 334
2672.4932309501482 271
2703.7547226116585 312
2735.0162142731688 316
2766.277705934679 329
2797.539197596189 291
2828.800689257699 288
2860.0621809192094 282
2891.3236725807196 305
2922.58516424223 305
2953.8466559037397 312
2985.10814756525 300
3016.3696392267602 306
3047.6311308882705 283
3078.8926225497808 286
3110.1541142112906 308
3141.415605872801 280
3172.677097534311 273
3203.9385891958214 275
3235.2000808573316 283
3266.4615725188414 282
3297.7230641803517 281
3328.984555841862 279
3360.246047503372 310
3391.5075391648825 272
3422.7690308263927 303
3454.030522487903 261
3485.292014149413 258
3516.553505810923 279
3547.8149974724333 247
3579.0764891339436 273
3610.337980795454 249
3641.5994724569637 254
3672.860964118474 271
3704.122455779984 259
3735.3839474414945 268
3766.6454391030047 265
3797.906930764515 240
3829.1684224260252 255
3860.429914087535 262
3891.6914057490453 231
3922.9528974105556 281
3954.214389072066 256
3985.475880733576 218
4016.737372395086 256
4047.998864056596 249
4079.2603557181064 239
4110.521847379617 243
4141.783339041127 234
4173.044830702637 237
4204.3063223641475 202
4235.567814025657 242
4266.829305687168 236
4298.090797348677 230
4329.3522890101885 234
4360.613780671698 221
4391.875272333209 226
4423.136763994718 209
4454.39825565623 197
4485.659747317739 219
4516.92123897925 209
4548.1827306407595 215
4579.444222302269 247
4610.70571396378 209
4641.967205625289 226
4673.2286972868005 206
4704.49018894831 174
4735.751680609821 193
4767.01317227133 235
4798.274663932842 198
4829.536155594351 202
4860.797647255862 201
4892.0591389173715 205
4923.320630578882 201
4954.582122240392 197
4985.843613901901 184
5017.1051055634125 180
5048.366597224922 185
5079.628088886433 178
5110.889580547942 201
5142.151072209454 187
5173.412563870963 189
5204.674055532472 167
5235.935547193983 191
5267.197038855493 182
5298.458530517004 210
5329.720022178513 174
5360.9815138400245 160
5392.243005501534 180
5423.504497163045 177
5454.765988824554 162
5486.0274804860655 213
5517.288972147575 186
5548.550463809085 157
5579.811955470595 149
5611.073447132105 178
5642.334938793616 175
5673.596430455125 168
5704.8579221166365 171
5736.119413778146 168
5767.380905439657 137
5798.642397101166 146
5829.9038887626775 179
5861.165380424187 161
5892.426872085698 165
5923.688363747207 151
5954.949855408717 145
5986.211347070228 155
6017.472838731737 171
6048.7343303932485 132
6079.995822054758 180
6111.257313716269 152
6142.518805377778 141
6173.7802970392895 158
6205.041788700799 167
6236.30328036231 161
6267.564772023819 143
6298.826263685329 139
6330.08775534684 134
6361.349247008349 142
6392.61073866986 122
6423.87223033137 126
6455.133721992881 139
6486.39521365439 130
6517.6567053159015 134
6548.918196977411 134
6580.179688638922 122
6611.441180300431 137
6642.702671961942 121
6673.964163623452 137
6705.225655284961 130
6736.487146946472 143
6767.748638607982 129
6799.010130269493 122
6830.271621931002 131
6861.5331135925135 131
6892.794605254023 133
6924.056096915534 124
6955.317588577043 139
6986.5790802385545 116
7017.840571900064 112
7049.102063561573 112
7080.363555223084 118
7111.625046884594 126
7142.886538546105 101
7174.148030207614 113
7205.4095218691255 97
7236.671013530635 102
7267.932505192146 117
7299.193996853655 116
7330.4554885151665 115
7361.716980176676 102
7392.978471838185 100
7424.239963499696 103
7455.501455161206 107
7486.762946822717 110
7518.024438484226 101
7549.285930145737 105
7580.547421807247 104
7611.808913468758 133
7643.070405130267 112
7674.3318967917785 87
7705.593388453288 94
7736.854880114798 95
7768.116371776308 83
7799.377863437818 93
7830.639355099329 85
7861.900846760838 86
7893.162338422349 114
7924.423830083859 117
7955.68532174537 101
7986.946813406879 103
8018.2083050683905 98
8049.4697967299 104
8080.73128839141 100
8111.99278005292 102
8143.25427171443 84
8174.515763375941 102
8205.77725503745 79
8237.038746698961 97
8268.300238360473 97
8299.561730021982 93
8330.823221683491 101
8362.084713345002 88
8393.346205006514 83
8424.607696668023 76
8455.869188329532 81
8487.130679991042 96
8518.392171652553 97
8549.653663314064 88
8580.915154975573 93
8612.176646637083 86
8643.438138298594 86
8674.699629960105 76
8705.961121621614 82
8737.222613283124 89
8768.484104944635 77
8799.745596606146 84
8831.007088267655 82
8862.268579929165 68
8893.530071590674 102
8924.791563252185 72
8956.053054913697 80
8987.314546575206 74
9018.576038236715 73
9049.837529898226 75
9081.099021559738 71
9112.360513221247 70
9143.622004882756 79
9174.883496544267 76
9206.144988205777 71
9237.406479867288 64
9268.667971528797 64
9299.929463190307 69
9331.190954851818 58
9362.452446513327 78
9393.713938174838 78
9424.975429836348 72
9456.236921497857 63
9487.498413159368 78
9518.75990482088 73
9550.021396482389 60
9581.282888143898 75
9612.54437980541 74
9643.80587146692 63
9675.06736312843 71
9706.32885478994 52
9737.59034645145 68
9768.85183811296 65
9800.113329774471 70
9831.37482143598 56
9862.63631309749 62
9893.897804759 55
9925.159296420512 61
9956.420788082021 62
9987.68227974353 62
10018.943771405042 71
10050.205263066553 61
10081.466754728062 49
10112.728246389572 54
10143.989738051081 61
10175.251229712592 53
10206.512721374103 57
10237.774213035613 56
10269.035704697122 54
10300.297196358633 64
10331.558688020144 52
10362.820179681654 47
10394.081671343163 57
10425.343163004674 49
10456.604654666184 44
10487.866146327695 67
10519.127637989204 65
10550.389129650714 55
10581.650621312225 53
10612.912112973736 49
10644.173604635245 57
10675.435096296755 60
10706.696587958266 65
10737.958079619777 41
10769.219571281286 52
10800.481062942796 55
10831.742554604307 64
10863.004046265816 39
10894.265537927327 53
10925.527029588837 55
10956.788521250346 47
10988.050012911857 52
11019.311504573368 48
11050.572996234878 57
11081.834487896387 52
11113.095979557898 62
11144.35747121941 47
11175.618962880919 50
11206.880454542428 32
11238.141946203938 53
11269.403437865449 47
11300.66492952696 55
11331.92642118847 60
11363.187912849979 51
11394.44940451149 54
11425.710896173001 48
11456.97238783451 52
11488.23387949602 46
11519.49537115753 59
11550.75686281904 42
11582.018354480551 47
11613.27984614206 45
11644.54133780357 44
11675.802829465081 43
11707.064321126592 44
11738.325812788102 50
11769.587304449611 50
11800.848796111122 42
11832.110287772633 42
11863.371779434143 53
11894.633271095652 42
11925.894762757163 43
11957.156254418673 47
11988.417746080184 58
12019.679237741693 36
12050.940729403203 45
12082.202221064714 37
12113.463712726225 57
12144.725204387734 60
12175.986696049244 43
12207.248187710755 50
12238.509679372266 49
12269.771171033775 62
12301.032662695285 39
12332.294154356794 44
12363.555646018305 50
12394.817137679816 48
12426.078629341326 55
12457.340121002835 37
12488.601612664346 47
12519.863104325857 41
12551.124595987367 45
12582.386087648876 38
12613.647579310387 40
12644.909070971897 51
12676.170562633408 48
12707.432054294917 57
12738.693545956427 50
12769.955037617938 51
12801.216529279449 58
12832.478020940958 47
12863.739512602468 42
12895.001004263979 53
12926.26249592549 51
12957.523987587 40
12988.785479248509 40
13020.04697091002 40
13051.30846257153 40
13082.56995423304 48
13113.83144589455 42
13145.092937556059 43
13176.35442921757 41
13207.615920879081 43
13238.87741254059 47
13270.1389042021 57
13301.400395863611 35
13332.661887525122 41
13363.923379186632 42
13395.184870848141 37
13426.44636250965 54
13457.707854171162 48
13488.969345832673 33
13520.230837494182 44
13551.492329155692 43
13582.753820817203 46
13614.015312478714 40
13645.276804140223 38
13676.538295801733 43
13707.799787463244 63
13739.061279124753 30
13770.322770786264 48
13801.584262447774 41
13832.845754109283 48
13864.107245770794 47
13895.368737432305 58
13926.630229093815 50
13957.891720755324 57
13989.153212416835 41
14020.414704078346 56
14051.676195739856 54
14082.937687401365 39
14114.199179062874 45
14145.460670724386 37
14176.722162385897 42
14207.983654047406 39
14239.245145708916 45
14270.506637370427 31
14301.768129031938 29
14333.029620693447 52
14364.291112354957 41
14395.552604016468 41
14426.814095677979 43
14458.075587339488 47
14489.337079000998 41
14520.598570662507 43
14551.860062324018 58
14583.12155398553 42
14614.383045647039 52
14645.644537308548 56
14676.90602897006 40
14708.16752063157 31
14739.42901229308 39
14770.690503954589 38
14801.9519956161 39
14833.21348727761 33
14864.47497893912 36
14895.73647060063 40
14926.99796226214 37
14958.25945392365 48
14989.520945585162 46
15020.782437246671 37
15052.04392890818 41
15083.305420569692 27
15114.566912231203 31
15145.828403892712 52
15177.089895554222 52
15208.351387215731 39
15239.612878877242 53
15270.874370538753 34
15302.135862200263 43
15333.397353861772 43
15364.658845523283 50
15395.920337184794 43
15427.181828846304 40
15458.443320507813 31
15489.704812169324 33
15520.966303830835 44
15552.227795492345 33
15583.489287153854 39
15614.750778815363 36
15646.012270476875 33
15677.273762138386 41
15708.535253799895 34
15739.796745461404 41
15771.058237122916 18
15802.319728784427 32
15833.581220445936 30
15864.842712107446 29
15896.104203768957 29
15927.365695430466 36
15958.627187091977 36
15989.888678753487 40
16021.150170414996 33
16052.411662076507 36
16083.673153738018 19
16114.934645399528 36
16146.196137061037 19
16177.457628722548 23
16208.71912038406 24
16239.980612045569 20
16271.242103707078 29
16302.503595368587 30
16333.765087030099 33
16365.02657869161 30
16396.28807035312 31
16427.549562014632 26
16458.811053676138 19
16490.07254533765 31
16521.334036999164 22
16552.59552866067 15
16583.857020322183 27
16615.118511983692 20
16646.3800036452 25
16677.641495306714 27
16708.90298696822 18
16740.164478629733 17
16771.425970291242 24
16802.68746195275 28
16833.948953614265 14
16865.21044527577 31
16896.471936937283 34
16927.733428598796 28
16958.994920260302 19
16990.256411921815 25
17021.51790358332 23
17052.779395244834 28
17084.040886906347 17
17115.302378567852 18
17146.563870229365 21
17177.825361890875 23
17209.086853552384 21
17240.348345213897 19
17271.609836875403 28
17302.871328536916 24
17334.13282019843 20
17365.394311859935 26
17396.655803521448 22
17427.917295182953 21
17459.178786844466 11
17490.440278505976 18
17521.701770167485 15
17552.963261828998 26
17584.224753490504 20
17615.486245152017 26
17646.74773681353 22
17678.009228475035 28
17709.27072013655 24
17740.532211798054 27
17771.793703459567 20
17803.05519512108 23
17834.316686782586 19
17865.5781784441 20
17896.839670105608 25
17928.101161767117 26
17959.36265342863 15
17990.624145090136 25
18021.88563675165 21
18053.147128413162 31
18084.408620074668 25
18115.67011173618 17
18146.931603397687 33
18178.1930950592 33
18209.454586720713 32
18240.71607838222 30
18271.97757004373 21
18303.23906170524 21
18334.50055336675 28
18365.762045028263 25
18397.02353668977 15
18428.28502835128 16
18459.546520012795 21
18490.8080116743 22
18522.069503335813 26
18553.33099499732 21
18584.592486658832 24
18615.853978320345 19
18647.11546998185 17
18678.376961643364 25
18709.638453304873 20
18740.899944966382 14
18772.161436627895 21
18803.4229282894 23
18834.684419950914 29
18865.945911612424 27
18897.207403273933 26
18928.468894935446 18
18959.73038659695 27
18990.991878258465 21
19022.253369919978 17
19053.514861581483 25
19084.776353242996 14
19116.037844904506 22
19147.299336566015 21
19178.560828227528 23
19209.822319889034 24
19241.083811550547 13
19272.345303212056 22
19303.606794873565 24
19334.86828653508 18
19366.129778196584 24
19397.391269858097 27
19428.65276151961 20
19459.914253181116 17
19491.17574484263 23
19522.437236504138 22
19553.698728165647 16
19584.96021982716 31
19616.221711488666 14
19647.48320315018 26
19678.74469481169 26
19710.006186473198 15
19741.26767813471 17
19772.529169796217 21
19803.79066145773 21
19835.052153119243 25
19866.31364478075 18
19897.57513644226 15
19928.836628103767 22
19960.09811976528 21
19991.359611426793 28
20022.6211030883 22
20053.88259474981 11
20085.14408641132 22
20116.40557807283 12
20147.667069734343 11
20178.92856139585 19
20210.190053057362 19
20241.451544718875 22
20272.71303638038 20
20303.974528041894 22
20335.2360197034 22
20366.497511364912 12
20397.759003026425 17
20429.02049468793 17
20460.281986349444 19
20491.543478010954 22
20522.804969672463 21
20554.066461333976 19
20585.32795299548 17
20616.589444656995 20
20647.850936318508 22
20679.112427980013 19
20710.373919641526 16
20741.635411303032 17
20772.896902964545 12
20804.158394626058 18
20835.419886287564 17
20866.681377949077 22
20897.942869610586 20
20929.204361272095 14
20960.46585293361 18
20991.727344595114 14
21022.988836256627 23
21054.250327918136 21
21085.511819579646 24
21116.77331124116 22
21148.034802902665 25
21179.296294564178 13
21210.55778622569 21
21241.819277887196 18
21273.08076954871 17
21304.34226121022 16
21335.603752871728 25
21366.86524453324 14
21398.126736194747 21
21429.38822785626 17
21460.64971951777 18
21491.91121117928 18
21523.17270284079 17
21554.434194502297 34
21585.69568616381 18
21616.957177825323 10
21648.21866948683 10
21679.48016114834 29
21710.74165280985 19
21742.00314447136 11
21773.264636132873 20
21804.52612779438 19
21835.787619455892 19
21867.0491111174 19
21898.31060277891 16
21929.572094440424 26
21960.83358610193 19
21992.095077763443 16
22023.356569424956 21
22054.61806108646 19
22085.879552747974 16
22117.14104440948 27
22148.402536070993 16
22179.664027732506 25
22210.92551939401 21
22242.187011055525 17
22273.448502717034 22
22304.709994378543 16
22335.971486040056 16
22367.232977701562 11
22398.494469363075 17
22429.755961024588 15
22461.017452686094 18
22492.278944347607 30
22523.540436009112 20
22554.801927670625 17
22586.06341933214 20
22617.324910993644 19
22648.586402655157 19
22679.847894316666 17
22711.109385978176 25
22742.37087763969 24
22773.632369301195 14
22804.893860962708 20
22836.15535262422 21
22867.416844285726 22
22898.67833594724 19
22929.939827608745 22
22961.201319270258 19
22992.46281093177 13
23023.724302593277 13
23054.98579425479 24
23086.2472859163 14
23117.50877757781 18
23148.77026923932 25
23180.031760900827 14
23211.29325256234 22
23242.55474422385 25
23273.81623588536 20
23305.07772754687 16
23336.339219208377 12
23367.60071086989 19
23398.862202531403 19
23430.12369419291 13
23461.385185854422 12
23492.64667751593 15
23523.90816917744 19
23555.169660838954 20
23586.43115250046 19
23617.692644161973 17
23648.954135823482 14
23680.21562748499 25
23711.477119146504 19
23742.73861080801 20
23774.000102469523 12
23805.261594131036 9
23836.52308579254 17
23867.784577454055 20
23899.046069115564 16
23930.307560777073 10
23961.569052438586 16
23992.830544100092 13
24024.092035761605 21
24055.353527423114 16
24086.615019084624 21
24117.876510746137 18
24149.138002407642 24
24180.399494069155 11
24211.66098573067 14
24242.922477392174 13
24274.183969053687 21
24305.445460715193 16
24336.706952376706 14
24367.96844403822 15
24399.229935699725 8
24430.491427361238 12
24461.752919022747 11
24493.014410684256 11
24524.27590234577 14
24555.537394007275 13
24586.798885668788 15
24618.0603773303 13
24649.321868991807 12
24680.58336065332 9
24711.844852314825 15
24743.10634397634 9
24774.36783563785 16
24805.629327299357 14
24836.89081896087 15
24868.15231062238 18
24899.41380228389 9
24930.6752939454 18
24961.936785606908 13
24993.19827726842 16
25024.459768929933 8
25055.72126059144 21
25086.982752252952 22
25118.244243914458 11
25149.50573557597 13
25180.767227237484 10
25212.02871889899 6
25243.290210560503 11
25274.551702222012 19
25305.81319388352 12
25337.074685545034 8
25368.33617720654 13
25399.597668868053 16
25430.859160529562 12
25462.12065219107 9
25493.382143852585 10
25524.64363551409 10
25555.905127175603 16
25587.166618837116 18
25618.428110498622 10
25649.689602160135 11
25680.951093821644 5
25712.212585483154 8
25743.474077144667 10
25774.735568806173 12
25805.997060467686 10
25837.258552129195 13
25868.520043790704 15
25899.781535452217 12
25931.043027113723 13
25962.304518775236 18
25993.56601043675 16
26024.827502098255 7
26056.088993759768 13
26087.350485421273 20
26118.611977082786 15
26149.8734687443 17
26181.134960405805 21
26212.396452067318 11
26243.657943728827 6
26274.919435390337 8
26306.18092705185 17
26337.442418713355 14
26368.70391037487 16
26399.96540203638 14
26431.226893697887 11
26462.4883853594 18
26493.749877020906 7
26525.01136868242 13
26556.272860343932 11
26587.534352005438 9
26618.79584366695 11
26650.05733532846 18
26681.31882698997 14
26712.580318651482 17
26743.841810312988 8
26775.1033019745 16
26806.364793636014 11
26837.62628529752 8
26868.887776959033 10
26900.14926862054 9
26931.41076028205 6
26962.672251943564 8
26993.93374360507 12
27025.195235266583 9
27056.456726928092 19
27087.7182185896 15
27118.979710251115 7
27150.24120191262 14
27181.502693574133 11
27212.764185235643 14
27244.025676897152 13
27275.287168558665 13
27306.54866022017 11
27337.810151881684 10
27369.071643543197 14
27400.333135204703 10
27431.594626866216 12
27462.856118527725 9
27494.117610189234 13
27525.379101850747 14
27556.640593512253 15
27587.902085173766 14
27619.163576835275 14
27650.425068496785 15
27681.686560158298 10
27712.948051819803 11
27744.209543481316 13
27775.47103514283 5
27806.732526804335 8
27837.994018465848 13
27869.255510127357 8
27900.517001788867 9
27931.77849345038 13
27963.039985111885 9
27994.3014767734 7
28025.562968434908 9
28056.824460096417 9
28088.08595175793 9
28119.347443419436 7
28150.60893508095 9
28181.870426742462 8
28213.131918403968 8
28244.39341006548 6
28275.654901726986 17
28306.9163933885 11
28338.177885050012 12
28369.439376711518 8
28400.70086837303 15
28431.96236003454 13
28463.22385169605 14
28494.485343357563 10
28525.74683501907 10
28557.00832668058 7
28588.269818342094 16
28619.5313100036 12
28650.792801665113 10
28682.05429332662 10
28713.31578498813 8
28744.577276649645 10
28775.83876831115 6
28807.100259972663 13
28838.361751634173 13
28869.623243295682 16
28900.884734957195 11
28932.1462266187 11
28963.407718280214 10
28994.669209941727 8
29025.930701603233 7
29057.192193264746 10
29088.45368492625 15
29119.715176587764 9
29150.976668249277 9
29182.238159910783 8
29213.499651572296 8
29244.761143233805 10
29276.022634895315 11
29307.284126556828 12
29338.545618218333 9
29369.807109879846 8
29401.068601541356 11
29432.330093202865 12
29463.591584864378 6
29494.853076525884 11
29526.114568187397 9
29557.37605984891 6
29588.637551510416 11
29619.89904317193 12
29651.160534833438 11
29682.422026494947 9
29713.68351815646 12
29744.945009817966 13
29776.20650147948 9
29807.46799314099 9
29838.729484802498 8
29869.99097646401 9
29901.252468125516 15
29932.51395978703 10
29963.775451448542 12
29995.036943110048 5
30026.29843477156 3
30057.55992643307 13
30088.82141809458 3
30120.082909756093 6
30151.3444014176 14
30182.60589307911 12
30213.86738474062 5
30245.12887640213 8
30276.390368063643 9
30307.65185972515 11
30338.91335138666 6
30370.174843048175 11
30401.43633470968 10
30432.697826371194 4
30463.9593180327 5
30495.220809694212 5
30526.482301355725 9
30557.74379301723 8
30589.005284678744 9
30620.266776340253 16
30651.528268001763 9
30682.789759663276 3
30714.05125132478 8
30745.312742986294 5
30776.574234647807 7
30807.835726309313 8
30839.097217970826 7
30870.35870963233 10
30901.620201293845 10
30932.881692955358 7
30964.143184616863 11
30995.404676278376 5
31026.666167939886 5
31057.927659601395 11
31089.189151262908 4
31120.450642924414 12
31151.712134585927 9
31182.97362624744 7
31214.235117908946 9
31245.49660957046 10
31276.758101231964 6
31308.019592893477 9
31339.28108455499 4
31370.542576216496 7
31401.80406787801 5
31433.06555953952 5
31464.327051201028 15
31495.58854286254 6
31526.850034524046 7
31558.11152618556 9
31589.37301784707 10
31620.634509508578 4
31651.89600117009 7
31683.157492831597 5
31714.41898449311 5
31745.680476154623 8
31776.94196781613 6
31808.20345947764 7
31839.46495113915 9
31870.72644280066 7
31901.987934462173 8
31933.24942612368 8
31964.510917785192 6
31995.7724094467 10
32027.03390110821 11
32058.295392769724 5
32089.55688443123 12
32120.818376092742 8
32152.079867754255 3
32183.34135941576 9
32214.602851077274 8
32245.864342738783 7
32277.125834400293 7
32308.387326061806 5
32339.64881772331 5
32370.910309384824 7
32402.171801046334 6
32433.433292707843 9
32464.694784369356 8
32495.95627603086 8
32527.217767692375 8
32558.479259353888 7
32589.740751015393 6
32621.002242676906 5
32652.263734338412 3
32683.525225999925 9
32714.786717661438 4
32746.048209322944 6
32777.30970098446 7
32808.57119264597 6
32839.832684307476 7
32871.09417596899 10
32902.3556676305 10
32933.61715929201 8
32964.87865095352 8
32996.140142615026 1
33027.40163427654 9
33058.66312593805 14
33089.92461759956 9
33121.18610926107 9
33152.44760092258 10
33183.70909258409 17
33214.9705842456 12
33246.232075907115 6
33277.49356756862 11
33308.75505923013 12
33340.01655089164 12
33371.27804255315 5
33402.539534214666 4
33433.80102587617 9
33465.06251753768 16
33496.32400919919 7
33527.5855008607 12
33558.846992522216 12
33590.10848418372 13
33621.369975845235 10
33652.63146750674 10
33683.89295916825 14
33715.15445082977 16
33746.41594249127 16
33777.67743415278 9
33808.93892581429 7
33840.200417475804 16
33871.46190913732 12
33902.72340079882 10
33933.98489246033 10
33965.24638412184 10
33996.507875783354 18
34027.76936744487 12
34059.03085910637 9
34090.29235076788 10
34121.55384242939 20
34152.815334090905 19
34184.07682575242 10
34215.33831741392 11
34246.59980907544 16
34277.86130073694 14
34309.122792398455 16
34340.38428405997 14
34371.645775721474 13
34402.90726738299 18
34434.16875904449 12
34465.430250706006 14
34496.69174236752 14
34527.953234029024 18
34559.21472569054 19
34590.47621735204 18
34621.737709013556 22
34652.99920067507 22
34684.26069233658 15
34715.52218399809 16
34746.78367565959 14
34778.04516732111 16
34809.30665898262 16
34840.56815064413 20
34871.82964230564 16
34903.091133967144 16
34934.35262562866 31
34965.61411729017 14
34996.87560895168 24
35028.13710061319 8
35059.3985922747 22
35090.66008393621 25
35121.92157559772 20
35153.18306725923 21
35184.44455892074 16
35215.70605058225 17
35246.96754224376 22
35278.22903390527 21
35309.49052556678 19
35340.75201722829 15
35372.0135088898 20
35403.27500055131 12
35434.53649221282 19
35465.797983874334 19
35497.05947553585 16
35528.32096719735 22
35559.58245885886 15
35590.84395052037 19
35622.105442181884 19
35653.3669338434 18
35684.6284255049 23
35715.88991716641 18
35747.15140882792 19
35778.412900489435 22
35809.67439215095 21
35840.93588381245 17
35872.19737547397 14
35903.45886713547 17
35934.720358796985 23
35965.9818504585 13
35997.243342120004 12
36028.50483378152 14
36059.76632544302 19
36091.027817104536 16
36122.28930876605 21
36153.550800427554 21
36184.81229208907 16
36216.07378375057 24
36247.335275412086 18
36278.5967670736 23
36309.858258735105 14
36341.11975039662 16
36372.38124205812 13
36403.64273371964 23
36434.90422538115 20
36466.16571704266 11
36497.42720870417 12
36528.688700365674 16
36559.95019202719 14
36591.2116836887 22
36622.47317535021 21
36653.73466701172 9
36684.996158673224 14
36716.25765033474 20
36747.51914199625 19
36778.78063365776 14
36810.04212531927 20
36841.30361698078 18
36872.56510864229 22
36903.8266003038 12
36935.088091965314 11
36966.34958362682 11
36997.61107528833 15
37028.87256694984 17
37060.13405861135 20
37091.395550272864 12
37122.65704193437 12
37153.91853359588 12
37185.18002525739 15
37216.4415169189 10
37247.703008580414 17
37278.96450024193 17
37310.22599190343 10
37341.48748356494 12
37372.74897522645 10
37404.010466887965 10
37435.27195854948 14
37466.53345021098 14
37497.79494187249 12
37529.056433534 13
37560.317925195515 17
37591.57941685703 16
37622.840908518534 8
37654.10240018005 8
37685.36389184155 9
37716.625383503066 12
37747.88687516458 13
37779.148366826084 9
37810.4098584876 8
37841.6713501491 6
37872.932841810616 11
37904.19433347213 12
37935.455825133635 9
37966.71731679515 15
37997.97880845665 8
38029.24030011817 11
38060.50179177968 15
38091.76328344119 12
38123.0247751027 4
38154.286266764204 6
38185.54775842572 11
38216.80925008723 10
38248.07074174874 5
38279.33223341025 8
38310.593725071754 8
38341.85521673327 7
38373.11670839478 7
38404.37820005629 6
38435.6396917178 7
38466.901183379305 11
38498.16267504082 7
38529.42416670233 5
38560.685658363844 7
38591.94715002535 2
38623.20864168686 4
38654.47013334837 7
38685.73162500988 4
38716.993116671394 10
38748.2546083329 11
38779.51609999441 2
38810.77759165592 9
38842.03908331743 4
38873.300574978944 7
38904.56206664045 4
38935.82355830196 6
38967.08504996347 6
38998.34654162498 3
39029.608033286495 5
39060.86952494801 4
39092.13101660951 5
39123.39250827102 4
39154.65399993253 5
39185.915491594045 5
39217.17698325556 6
39248.438474917064 3
39279.69996657857 4
39310.96145824008 4
39342.222949901596 5
39373.48444156311 2
39404.745933224614 9
39436.00742488613 5
39467.26891654763 3
39498.530408209146 12
39529.79189987066 3
39561.053391532165 6
39592.31488319368 2
39623.57637485518 4
39654.8378665167 1
39686.09935817821 5
39717.360849839715 5
39748.62234150123 3
39779.883833162734 4
39811.14532482425 1
39842.40681648576 3
39873.66830814727 5
39904.92979980878 4
39936.191291470284 3
39967.4527831318 6
39998.71427479331 5
40029.97576645482 7
40061.23725811633 7
40092.498749777835 3
40123.76024143935 4
40155.02173310086 5
40186.283224762374 2
40217.54471642388 0
40248.80620808539 6
40280.0676997469 5
40311.32919140841 1
40342.590683069924 2
40373.85217473143 4
40405.11366639294 3
40436.37515805445 3
40467.63664971596 5
40498.898141377475 2
40530.15963303898 4
40561.42112470049 5
40592.682616362 4
40623.94410802351 5
40655.205599685025 4
40686.46709134653 2
40717.728583008044 5
40748.99007466955 2
40780.25156633106 2
40811.513057992575 5
40842.77454965409 4
40874.036041315594 2
40905.2975329771 0
40936.55902463861 2
40967.820516300126 3
40999.08200796164 5
41030.343499623144 0
41061.60499128465 3
41092.86648294616 2
41124.127974607676 1
41155.38946626919 7
41186.650957930695 5
41217.91244959221 4
41249.17394125371 3
41280.43543291523 1
41311.69692457674 4
41342.958416238245 1
41374.21990789976 4
41405.481399561264 1
41436.74289122278 4
41468.00438288429 4
41499.265874545796 2
41530.52736620731 4
41561.788857868814 2
41593.05034953033 4
41624.31184119184 8
41655.57333285335 3
41686.83482451486 6
41718.096316176365 6
41749.35780783788 2
41780.61929949939 4
41811.880791160904 1
41843.14228282241 1
41874.403774483915 0
41905.66526614543 4
41936.92675780694 4
41968.188249468454 3
41999.44974112996 3
42030.71123279147 2
42061.97272445298 7
42093.23421611449 4
42124.495707776005 4
42155.75719943751 2
42187.01869109902 2
42218.28018276053 3
42249.54167442204 5
42280.803166083555 4
42312.06465774506 5
42343.326149406574 7
42374.58764106808 4
42405.84913272959 6
42437.110624391105 9
42468.37211605262 4
42499.633607714124 3
42530.89509937563 3
42562.15659103714 1
42593.418082698656 5
42624.67957436017 1
42655.941066021674 1
42687.20255768318 2
42718.46404934469 2
42749.725541006206 2
42780.98703266772 4
42812.248524329225 3
42843.51001599073 3
42874.77150765224 6
42906.03299931376 3
42937.29449097527 2
42968.555982636775 4
42999.81747429829 4
43031.078965959794 0
43062.34045762131 3
43093.60194928282 7
43124.863440944326 6
43156.12493260584 0
43187.386424267344 4
43218.64791592886 2
43249.90940759037 3
43281.170899251876 2
43312.43239091339 2
43343.693882574895 7
43374.95537423641 8
43406.21686589792 1
43437.478357559434 2
43468.73984922094 3
43500.001340882445 4
43531.26283254396 5
43562.52432420547 5
43593.785815866984 4
43625.04730752849 6
43656.308799189996 3
43687.57029085151 2
43718.83178251302 3
43750.093274174535 2
43781.35476583604 2
43812.61625749755 5
43843.87774915906 1
43875.13924082057 2
43906.400732482085 1
43937.66222414359 2
43968.923715805104 1
44000.18520746661 3
44031.44669912812 1
44062.708190789635 3
44093.96968245114 1
44125.231174112654 4
44156.49266577416 5
44187.75415743567 4
44219.015649097186 3
44250.2771407587 4
44281.538632420205 2
44312.80012408171 8
44344.06161574322 1
44375.323107404736 2
44406.58459906625 1
44437.846090727755 0
44469.10758238926 2
44500.36907405077 0
44531.63056571229 5
44562.8920573738 2
44594.153549035305 11
44625.41504069682 4
44656.676532358324 5
44687.93802401984 1
44719.19951568135 2
44750.461007342856 3
44781.72249900437 3
44812.983990665874 1
44844.24548232739 4
44875.5069739889 1
44906.768465650406 1
44938.02995731192 3
44969.291448973425 4
45000.55294063494 2
45031.81443229645 5
45063.07592395796 2
45094.33741561947 0
45125.598907280975 4
45156.86039894249 0
45188.121890604 1
45219.383382265514 5
45250.64487392702 5
45281.906365588526 3
45313.16785725004 4
45344.42934891155 2
45375.690840573065 2
45406.95233223457 0
45438.213823896076 2
45469.47531555759 4
45500.7368072191 4
45531.998298880615 3
45563.25979054212 4
45594.521282203634 1
45625.78277386514 3
45657.04426552665 1
45688.305757188165 3
45719.56724884967 6
45750.828740511184 2
45782.09023217269 2
45813.3517238342 5
45844.613215495716 3
45875.87470715722 2
45907.136198818735 2
45938.39769048024 1
45969.65918214175 0
46000.920673803266 0
46032.18216546478 3
46063.443657126285 1
46094.70514878779 2
46125.966640449304 3
46157.22813211082 1
46188.48962377233 1
46219.751115433835 3
46251.01260709534 3
46282.274098756854 3
46313.53559041837 1
46344.79708207988 1
46376.058573741386 1
46407.3200654029 0
46438.581557064404 3
46469.84304872592 4
46501.10454038743 2
46532.366032048936 1
46563.62752371045 0
46594.889015371955 0
46626.15050703347 1
46657.41199869498 2
46688.67349035649 1
46719.934982018 1
46751.196473679505 2
46782.45796534102 2
46813.71945700253 1
46844.980948664044 4
46876.24244032555 1
46907.503931987056 1
46938.76542364857 1
46970.02691531008 2
47001.288406971595 1
47032.5498986331 1
47063.811390294606 0
47095.07288195612 0
47126.33437361763 1
47157.595865279145 0
47188.85735694065 2
47220.11884860216 3
47251.38034026367 1
47282.64183192518 5
47313.903323586695 0
47345.1648152482 1
47376.426306909714 2
47407.68779857122 1
47438.94929023273 2
47470.210781894246 1
47501.47227355575 2
47532.733765217265 3
47563.99525687877 1
47595.25674854028 2
47626.518240201796 0
47657.7797318633 1
47689.041223524815 2
47720.30271518632 1
47751.564206847834 3
47782.82569850935 0
47814.08719017086 0
47845.348681832365 0
47876.61017349387 0
47907.871665155384 1
47939.1331568169 2
47970.39464847841 1
48001.656140139916 0
48032.91763180142 2
48064.179123462935 2
48095.44061512445 2
48126.70210678596 1
48157.963598447466 1
48189.22509010898 1
48220.486581770485 1
48251.748073432 3
48283.00956509351 0
48314.27105675502 1
48345.53254841653 0
48376.794040078035 0
48408.05553173955 3
48439.31702340106 1
48470.57851506257 2
48501.84000672408 0
48533.101498385586 0
48564.3629900471 1
48595.62448170861 1
48626.885973370125 2
48658.14746503163 0
48689.408956693136 2
48720.67044835465 3
48751.93194001616 0
48783.193431677675 0
48814.45492333918 2
48845.71641500069 2
48876.9779066622 0
48908.23939832371 0
48939.500889985226 3
48970.76238164673 0
49002.023873308244 2
49033.28536496975 0
49064.54685663126 2
49095.808348292776 1
49127.06983995428 4
49158.331331615795 1
49189.5928232773 3
49220.85431493881 2
49252.115806600326 1
49283.37729826183 3
49314.638789923345 1
49345.90028158485 1
49377.161773246364 3
49408.42326490788 2
49439.68475656938 0
49470.946248230895 2
49502.2077398924 1
49533.469231553914 1
49564.73072321543 2
49595.99221487694 1
49627.253706538446 1
49658.51519819995 0
49689.776689861465 0
49721.03818152298 3
49752.29967318449 0
49783.561164845996 1
49814.8226565075 2
49846.084148169015 1
49877.34563983053 1
49908.60713149204 0
49939.86862315355 1
49971.13011481506 3
50002.391606476565 0
50033.65309813808 0
50064.91458979959 0
50096.1760814611 2
50127.43757312261 1
50158.699064784116 0
50189.96055644563 0
50221.22204810714 2
50252.48353976865 1
50283.74503143016 1
50315.006523091666 0
50346.26801475318 0
50377.52950641469 2
50408.790998076205 5
50440.05248973771 1
50471.31398139922 1
50502.57547306073 2
50533.83696472224 1
50565.098456383756 2
50596.35994804526 1
50627.62143970677 1
50658.88293136828 1
50690.14442302979 1
50721.405914691306 1
50752.66740635281 0
50783.928898014325 2
50815.19038967583 0
50846.45188133734 2
50877.713372998856 3
50908.97486466036 2
50940.236356321875 0
50971.49784798338 2
51002.759339644894 0
51034.02083130641 4
51065.28232296791 2
51096.543814629425 2
51127.80530629093 1
51159.066797952444 1
51190.32828961396 0
51221.58978127546 2
51252.851272936976 2
51284.11276459848 0
51315.374256259995 2
51346.63574792151 1
51377.89723958302 1
51409.158731244526 1
51440.42022290603 1
51471.681714567545 3
51502.94320622906 3
51534.20469789057 2
51565.46618955208 1
51596.72768121358 3
51627.989172875095 2
51659.25066453661 1
51690.51215619812 3
51721.77364785963 1
51753.03513952114 2
51784.296631182646 0
51815.55812284416 1
51846.81961450567 1
51878.08110616718 0
51909.34259782869 2
51940.604089490196 1
51971.86558115171 1
52003.12707281322 2
52034.38856447473 0
52065.65005613624 1
52096.91154779775 3
52128.17303945926 0
52159.43453112077 0
52190.696022782286 3
52221.95751444379 2
52253.2190061053 2
52284.48049776681 2
52315.74198942832 3
52347.003481089836 2
52378.26497275134 3
52409.52646441285 1
52440.78795607436 2
52472.04944773587 3
52503.31093939739 4
52534.57243105889 0
52565.833922720405 0
52597.09541438191 2
52628.356906043424 1
52659.61839770494 0
52690.87988936644 1
52722.141381027956 1
52753.40287268946 1
52784.664364350974 3
52815.92585601249 1
52847.18734767399 3
52878.448839335506 1
52909.71033099701 3
52940.971822658525 2
52972.23331432004 1
53003.49480598155 1
53034.756297643056 0
53066.01778930456 0
53097.279280966075 3
53128.54077262759 0
53159.8022642891 2
53191.06375595061 5
53222.32524761211 1
53253.586739273625 4
53284.84823093514 2
53316.10972259665 3
53347.37121425816 1
53378.63270591966 2
53409.894197581176 1
53441.15568924269 2
53472.4171809042 2
53503.67867256571 2
53534.94016422722 1
53566.201655888726 0
53597.46314755024 1
53628.72463921175 0
53659.98613087326 1
53691.24762253477 4
53722.50911419628 0
53753.77060585779 0
53785.0320975193 1
53816.29358918081 3
53847.55508084232 0
53878.81657250383 4
53910.07806416534 1
53941.33955582685 1
53972.601047488366 2
54003.86253914987 0
54035.12403081138 1
54066.38552247289 2
54097.6470141344 1
54128.90850579592 2
54160.16999745742 1
54191.43148911893 3
54222.69298078044 0
54253.954472441954 3
54285.21596410347 0
54316.47745576497 1
54347.738947426486 2
54379.00043908799 1
54410.261930749504 1
54441.52342241102 4
54472.78491407252 0
54504.046405734036 1
54535.30789739554 3
54566.569389057055 1
54597.83088071857 1
54629.09237238007 3
54660.353864041586 1
54691.61535570309 0
54722.876847364605 2
54754.13833902612 3
54785.39983068763 1
54816.66132234914 1
54847.92281401064 1
54879.184305672155 1
54910.44579733367 1
54941.70728899518 2
54972.96878065669 1
55004.23027231819 3
55035.491763979706 3
55066.75325564122 0
55098.01474730273 0
55129.27623896424 1
55160.53773062575 1
55191.799222287256 1
55223.06071394877 3
55254.32220561028 1
55285.58369727179 1
55316.8451889333 4
55348.10668059481 2
55379.36817225632 3
55410.62966391783 1
55441.89115557934 0
55473.15264724085 1
55504.41413890236 0
55535.67563056387 2
55566.93712222538 2
55598.19861388689 3
55629.4601055484 2
55660.72159720991 4
55691.98308887142 0
55723.24458053293 0
55754.50607219445 2
55785.76756385595 3
55817.02905551746 2
55848.29054717897 1
55879.552038840484 2
55910.813530502 2
55942.0750221635 1
55973.33651382501 0
56004.59800548652 1
56035.859497148034 0
56067.12098880955 1
56098.38248047105 3
56129.643972132566 2
56160.90546379407 1
56192.166955455585 1
56223.4284471171 0
56254.6899387786 1
56285.95143044012 2
56317.21292210162 1
56348.474413763135 3
56379.73590542465 1
56410.997397086154 2
56442.25888874767 1
56473.52038040917 0
56504.781872070685 1
56536.0433637322 1
56567.30485539371 2
56598.56634705522 1
56629.82783871672 2
56661.089330378236 1
56692.35082203975 0
56723.61231370126 1
56754.87380536277 1
56786.13529702427 0
56817.396788685786 1
56848.6582803473 0
56879.91977200881 2
56911.18126367032 0
56942.44275533183 0
56973.70424699334 2
57004.96573865485 2
57036.22723031636 1
57067.48872197787 1
57098.75021363938 1
57130.01170530089 0
57161.2731969624 0
57192.53468862391 1
57223.79618028542 0
57255.05767194693 2
57286.31916360844 2
57317.58065526995 0
57348.84214693146 1
57380.10363859298 0
57411.36513025448 2
57442.62662191599 0
57473.8881135775 0
57505.149605239014 2
57536.41109690053 3
57567.67258856203 2
57598.93408022354 0
57630.19557188505 1
57661.457063546564 1
57692.71855520808 4
57723.98004686958 0
57755.24153853109 1
57786.5030301926 0
57817.764521854115 0
57849.02601351563 1
57880.28750517713 1
57911.54899683865 1
57942.81048850015 0
57974.071980161665 3
58005.33347182318 0
58036.594963484684 0
58067.8564551462 2
58099.1179468077 2
58130.379438469216 1
58161.64093013073 1
58192.902421792234 1
58224.16391345375 2
58255.42540511525 1
58286.686896776766 1
58317.94838843828 1
58349.20988009979 0
58380.4713717613 1
58411.7328634228 2
58442.994355084316 2
58474.25584674583 2
58505.51733840734 2
58536.77883006885 4
58568.040321730354 4
58599.30181339187 7
58630.56330505338 1
58661.82479671489 3
58693.0862883764 1
58724.34778003791 6
58755.60927169942 6
58786.87076336093 11
58818.13225502244 16
58849.39374668395 13
58880.65523834546 14
58911.91673000697 17
58943.17822166848 20
58974.43971332999 27
59005.7012049915 31
59036.96269665301 39
59068.22418831452 31
59099.48567997603 41
59130.747171637544 32
59162.00866329906 24
59193.27015496056 31
59224.53164662207 18
59255.79313828358 18
59287.054629945094 12
59318.31612160661 6
59349.57761326811 5
59380.83910492962 4
59412.10059659113 5
59443.362088252645 6
59474.62357991416 3
59505.88507157566 1
59537.14656323718 3
59568.40805489868 1
59599.669546560195 4
59630.93103822171 6
59662.192529883214 3
59693.45402154473 4
59724.71551320623 5
59755.977004867746 2
59787.23849652926 7
59818.499988190764 3
59849.76147985228 2
59881.02297151378 3
59912.284463175296 5
59943.54595483681 1
59974.807446498315 1
60006.06893815983 1
60037.33042982133 7
60068.59192148285 6
60099.85341314436 3
60131.11490480587 4
60162.37639646738 3
60193.637888128884 3
60224.8993797904 0
60256.16087145191 7
60287.42236311342 3
60318.68385477493 5
60349.945346436434 5
60381.20683809795 8
60412.46832975946 8
60443.72982142097 7
60474.99131308248 10
60506.25280474399 6
60537.5142964055 4
60568.77578806701 3
60600.03727972852 9
60631.29877139003 3
60662.56026305154 5
60693.82175471305 5
60725.08324637456 1
60756.344738036074 10
60787.60622969758 8
60818.86772135909 10
60850.1292130206 7
60881.39070468211 13
60912.652196343624 13
60943.91368800514 9
60975.17517966664 16
61006.43667132815 19
61037.69816298966 21
61068.959654651175 29
61100.22114631269 19
61131.48263797419 34
61162.7441296357 56
61194.00562129721 148
61225.267112958725 266
61256.52860462024 168
61287.790096281744 28
61319.05158794326 3
61350.31307960476 0
61381.574571266276 1
61412.83606292779 0
61444.097554589294 0
61475.35904625081 1
61506.62053791231 0
61537.882029573826 0
61569.14352123534 0
61600.405012896845 0
61631.66650455836 0
61662.92799621986 0
61694.18948788138 0
61725.45097954289 0
61756.7124712044 0
61787.97396286591 0
61819.235454527414 0
61850.49694618893 0
61881.75843785044 0
61913.01992951195 0
61944.28142117346 0
61975.542912834964 0
62006.80440449648 0
62038.06589615799 0
62069.3273878195 0
62100.58887948101 0
62131.850371142515 0
62163.11186280403 0
62194.37335446554 0
62225.63484612705 0
62256.89633778856 0
62288.15782945007 0
62319.41932111158 0
62350.68081277309 0
62381.942304434604 0
62413.20379609611 0
62444.46528775762 0
62475.72677941913 0
62506.98827108064 0
62538.249762742154 0
62569.51125440366 0
62600.77274606517 0
62632.03423772668 0
62663.29572938819 0
62694.557221049705 0
62725.81871271122 0
62757.08020437272 0
62788.34169603423 0
62819.60318769574 0
62850.864679357255 0
62882.12617101877 0
62913.387662680274 0
62944.64915434178 0
62975.91064600329 0
63007.172137664806 0
63038.43362932632 0
63069.695120987824 0
63100.95661264934 0
63132.21810431084 0
63163.479595972356 0
63194.74108763387 0
63226.002579295375 0
63257.26407095689 0
63288.52556261839 0
63319.78705427991 0
63351.04854594142 0
63382.310037602925 0
63413.57152926444 0
63444.833020925944 0
63476.09451258746 0
63507.35600424897 0
63538.61749591048 0
63569.87898757199 0
63601.140479233494 0
63632.40197089501 0
63663.66346255652 0
63694.92495421803 0
63726.18644587954 0
63757.447937541045 0
63788.70942920256 0
63819.97092086407 0
63851.232412525584 0
63882.49390418709 0
63913.7553958486 0
63945.01688751011 1
63976.27837917162 0
64007.539870833134 0
64038.80136249464 0
64070.06285415615 0
64101.32434581766 0
64132.58583747917 0
64163.847329140684 0
64195.10882080219 0
64226.3703124637 0
64257.63180412521 0
64288.89329578672 0
64320.154787448235 0
64351.41627910974 0
64382.67777077125 0
64413.93926243276 0
64445.20075409427 0
64476.462245755785 0
64507.7237374173 0
64538.985229078804 0
64570.24672074031 0
64601.50821240182 0
64632.769704063336 0
64664.03119572485 0
64695.292687386354 0
64726.55417904786 0
64757.81567070937 0
64789.077162370886 0
64820.3386540324 0
64851.600145693905 0
64882.86163735542 0
64914.12312901692 0
64945.38462067844 0
64976.64611233995 0
65007.907604001455 1
