# TIME: 181.33488992000002 s
# Channel Counts
1014.7203606040389 4158
1044.1604358612858 3056
1073.6005111185327 2234
1103.0405863757796 1778
1132.4806616330268 1309
1161.9207368902737 1122
1191.3608121475208 1003
1220.8008874047678 890
1250.2409626620147 884
1279.6810379192616 887
1309.1211131765087 891
1338.5611884337557 935
1368.0012636910026 918
1397.4413389482497 964
1426.8814142054966 972
1456.3214894627436 1029
1485.7615647199907 1066
1515.2016399772376 1081
1544.6417152344845 1161
1574.0817904917315 1198
1603.5218657489786 1208
1632.9619410062255 1206
1662.4020162634727 1238
1691.8420915207196 1288
1721.2821667779665 1302
1750.7222420352134 1347
1780.1623172924606 1338
1809.6023925497075 1367
1839.0424678069546 1394
1868.4825430642015 1322
1897.9226183214485 1322
1927.3626935786954 1359
1956.8027688359425 1222
1986.2428440931894 1238
2015.6829193504364 1234
2045.1229946076835 1113
2074.56306986493 1145
2104.0031451221776 1081
2133.443220379424 1101
2162.8832956366714 1111
2192.3233708939183 956
2221.763446151165 970
2251.2035214084126 912
2280.643596665659 856
2310.0836719229064 862
2339.523747180153 836
2368.9638224374003 728
2398.4038976946476 721
2427.843972951894 682
2457.2840482091415 665
2486.724123466388 655
2516.1641987236353 684
2545.604273980882 684
2575.044349238129 608
2604.4844244953765 566
2633.924499752623 535
2663.3645750098704 557
2692.804650267117 522
2722.244725524364 514
2751.684800781611 568
2781.124876038858 498
2810.5649512961054 530
2840.005026553352 509
2869.445101810599 506
2898.8851770678457 509
2928.325252325093 527
2957.7653275823404 462
2987.205402839587 406
3016.6454780968343 470
3046.0855533540807 467
3075.525628611328 492
3104.9657038685746 500
3134.405779125822 474
3163.845854383069 472
3193.2859296403158 466
3222.726004897563 474
3252.1660801548096 504
3281.606155412057 483
3311.0462306693034 465
3340.486305926551 511
3369.9263811837977 475
3399.3664564410446 477
3428.806531698292 465
3458.2466069555385 476
3487.686682212786 467
3517.1267574700323 474
3546.5668327272797 504
3576.006907984527 447
3605.4469832417735 506
3634.887058499021 493
3664.3271337562674 464
3693.7672090135147 472
3723.2072842707616 505
3752.6473595280086 471
3782.087434785256 492
3811.5275100425024 467
3840.9675852997498 484
3870.4076605569962 484
3899.8477358142436 480
3929.2878110714905 474
3958.7278863287374 437
3988.167961585985 487
4017.6080368432313 491
4047.0481121004786 472
4076.488187357725 471
4105.9282626149725 468
4135.36833787222 426
4164.808413129467 442
4194.248488386714 467
4223.68856364396 437
4253.1286389012075 419
4282.568714158455 437
4312.008789415702 439
4341.448864672949 465
4370.888939930195 428
4400.329015187443 450
4429.76909044469 442
4459.209165701936 408
4488.649240959184 418
4518.08931621643 461
4547.529391473678 443
4576.969466730925 401
4606.409541988171 451
4635.849617245418 394
4665.289692502665 439
4694.729767759913 383
4724.16984301716 432
4753.6099182744065 433
4783.049993531653 447
4812.4900687889 407
4841.930144046148 427
4871.370219303394 436
4900.8102945606415 425
4930.250369817888 422
4959.690445075135 491
4989.130520332383 455
5018.570595589629 398
5048.010670846877 407
5077.450746104123 431
5106.89082136137 417
5136.330896618618 441
5165.770971875865 444
5195.211047133112 410
5224.651122390358 443
5254.091197647605 419
5283.531272904853 462
5312.971348162099 409
5342.411423419347 434
5371.851498676593 444
5401.2915739338405 418
5430.731649191088 453
5460.171724448334 417
5489.611799705581 407
5519.051874962828 441
5548.4919502200755 459
5577.932025477323 447
5607.372100734569 477
5636.812175991816 467
5666.252251249063 448
5695.692326506311 456
5725.132401763557 498
5754.572477020804 506
5784.012552278051 483
5813.452627535298 528
5842.892702792546 503
5872.332778049792 513
5901.772853307039 492
5931.212928564286 476
5960.653003821533 503
5990.093079078781 497
6019.533154336027 524
6048.973229593274 565
6078.413304850521 512
6107.853380107768 570
6137.293455365016 596
6166.733530622262 596
6196.173605879509 552
6225.613681136756 604
6255.053756394003 616
6284.49383165125 632
6313.933906908497 636
6343.373982165744 626
6372.814057422991 632
6402.254132680238 626
6431.694207937485 677
6461.134283194732 629
6490.574358451979 686
6520.014433709226 692
6549.454508966473 684
6578.89458422372 682
6608.334659480966 697
6637.774734738214 732
6667.214809995461 803
6696.6548852527085 727
6726.094960509955 759
6755.535035767201 756
6784.975111024449 744
6814.415186281696 756
6843.855261538943 793
6873.29533679619 823
6902.735412053436 807
6932.175487310684 861
6961.615562567931 846
6991.055637825178 828
7020.495713082425 858
7049.9357883396715 826
7079.375863596919 872
7108.815938854166 870
7138.256014111413 888
7167.696089368659 928
7197.1361646259065 919
7226.576239883154 919
7256.016315140401 846
7285.456390397648 943
7314.896465654894 964
7344.336540912142 956
7373.776616169389 970
7403.216691426635 966
7432.656766683883 980
7462.096841941129 1018
7491.536917198377 989
7520.976992455624 1041
7550.41706771287 989
7579.857142970118 1054
7609.297218227364 992
7638.737293484612 1072
7668.177368741859 1055
7697.6174439991055 1083
7727.057519256352 1053
7756.497594513599 1099
7785.937669770847 1127
7815.377745028094 1102
7844.8178202853405 1160
7874.257895542587 1148
7903.697970799834 1171
7933.138046057082 1157
7962.578121314328 1211
7992.018196571576 1191
8021.458271828822 1269
8050.898347086069 1291
8080.338422343317 1281
8109.778497600563 1211
8139.21857285781 1301
8168.658648115057 1281
8198.098723372304 1316
8227.53879862955 1284
8256.978873886797 1271
8286.418949144045 1318
8315.859024401292 1371
8345.29909965854 1345
8374.739174915787 1335
8404.179250173032 1328
8433.61932543028 1347
8463.059400687527 1393
8492.499475944773 1332
8521.93955120202 1325
8551.379626459267 1322
8580.819701716515 1329
8610.259776973762 1283
8639.69985223101 1284
8669.139927488255 1303
8698.580002745502 1257
8728.02007800275 1262
8757.460153259997 1239
8786.900228517243 1213
8816.34030377449 1176
8845.780379031738 1235
8875.220454288985 1162
8904.660529546232 1141
8934.10060480348 1151
8963.540680060725 1123
8992.980755317973 1094
9022.42083057522 1100
9051.860905832466 1036
9081.300981089713 1042
9110.74105634696 988
9140.181131604208 942
9169.621206861455 952
9199.061282118702 911
9228.501357375948 880
9257.941432633195 856
9287.381507890443 819
9316.821583147688 853
9346.261658404936 798
9375.701733662183 753
9405.14180891943 758
9434.581884176678 687
9464.021959433923 693
9493.46203469117 660
9522.902109948418 555
9552.342185205665 592
9581.782260462911 602
9611.222335720158 537
9640.662410977406 523
9670.102486234653 510
9699.5425614919 480
9728.982636749148 465
9758.422712006393 471
9787.86278726364 423
9817.302862520888 370
9846.742937778135 366
9876.183013035381 385
9905.623088292628 380
9935.063163549876 336
9964.503238807123 297
9993.94331406437 307
10023.383389321616 304
10052.823464578863 276
10082.26353983611 265
10111.703615093358 231
10141.143690350604 245
10170.583765607851 237
10200.023840865098 215
10229.463916122346 218
10258.903991379593 196
10288.34406663684 163
10317.784141894086 166
10347.224217151334 165
10376.66429240858 155
10406.104367665826 160
10435.544442923074 151
10464.984518180321 147
10494.424593437569 135
10523.864668694816 103
10553.304743952063 113
10582.744819209309 104
10612.184894466556 97
10641.624969723804 104
10671.065044981051 93
10700.505120238297 120
10729.945195495544 107
10759.385270752791 96
10788.825346010039 75
10818.265421267286 66
10847.705496524533 89
10877.145571781779 78
10906.585647039026 75
10936.025722296274 75
10965.46579755352 82
10994.905872810767 57
11024.345948068014 79
11053.786023325261 70
11083.226098582509 70
11112.666173839756 72
11142.106249097002 68
11171.546324354249 59
11200.986399611496 70
11230.426474868744 54
11259.86655012599 51
11289.306625383237 62
11318.746700640484 67
11348.186775897731 47
11377.626851154979 43
11407.066926412226 51
11436.507001669472 55
11465.94707692672 72
11495.387152183966 57
11524.827227441212 54
11554.26730269846 44
11583.707377955707 48
11613.147453212954 59
11642.587528470202 50
11672.027603727449 41
11701.467678984694 38
11730.907754241942 63
11760.34782949919 45
11789.787904756437 41
11819.227980013682 48
11848.66805527093 45
11878.108130528177 65
11907.548205785424 43
11936.988281042672 29
11966.428356299919 49
11995.868431557165 42
12025.308506814412 35
12054.74858207166 46
12084.188657328905 56
12113.628732586152 48
12143.0688078434 62
12172.508883100647 42
12201.948958357894 41
12231.389033615142 47
12260.829108872387 45
12290.269184129635 42
12319.709259386882 37
12349.14933464413 48
12378.589409901375 45
12408.029485158622 38
12437.46956041587 35
12466.909635673117 37
12496.349710930364 41
12525.789786187612 42
12555.229861444857 45
12584.669936702105 47
12614.110011959352 43
12643.550087216598 44
12672.990162473845 39
12702.430237731092 39
12731.87031298834 36
12761.310388245587 34
12790.750463502834 41
12820.19053876008 36
12849.630614017327 45
12879.070689274575 40
12908.510764531822 38
12937.950839789068 39
12967.390915046315 35
12996.830990303562 40
13026.27106556081 42
13055.711140818057 49
13085.151216075305 43
13114.59129133255 43
13144.031366589797 50
13173.471441847045 47
13202.91151710429 39
13232.351592361538 36
13261.791667618785 44
13291.231742876033 46
13320.67181813328 45
13350.111893390527 46
13379.551968647773 39
13408.99204390502 36
13438.432119162268 56
13467.872194419515 47
13497.31226967676 37
13526.752344934008 35
13556.192420191255 39
13585.632495448503 38
13615.07257070575 48
13644.512645962997 32
13673.952721220243 41
13703.39279647749 38
13732.832871734738 49
13762.272946991983 34
13791.71302224923 33
13821.153097506478 43
13850.593172763725 49
13880.033248020973 37
13909.47332327822 36
13938.913398535466 46
13968.353473792713 45
13997.79354904996 34
14027.233624307208 41
14056.673699564453 37
14086.1137748217 39
14115.553850078948 43
14144.993925336195 35
14174.434000593443 41
14203.87407585069 39
14233.314151107936 43
14262.754226365183 37
14292.19430162243 33
14321.634376879676 41
14351.074452136923 44
14380.51452739417 42
14409.954602651418 46
14439.394677908665 41
14468.834753165913 44
14498.274828423158 44
14527.714903680406 38
14557.154978937653 43
14586.5950541949 47
14616.035129452146 40
14645.475204709393 31
14674.91527996664 33
14704.355355223888 36
14733.795430481136 35
14763.235505738381 47
14792.675580995628 45
14822.115656252876 35
14851.555731510123 30
14880.995806767369 41
14910.435882024616 43
14939.875957281864 42
14969.31603253911 29
14998.756107796358 42
15028.196183053606 39
15057.636258310851 43
15087.076333568099 52
15116.516408825346 32
15145.956484082593 34
15175.396559339839 36
15204.836634597086 37
15234.276709854334 29
15263.716785111581 29
15293.156860368828 41
15322.596935626074 39
15352.037010883321 47
15381.477086140569 28
15410.917161397816 38
15440.357236655062 35
15469.797311912309 29
15499.237387169556 45
15528.677462426804 35
15558.117537684051 26
15587.557612941298 35
15616.997688198544 23
15646.437763455791 36
15675.877838713039 27
15705.317913970286 25
15734.757989227532 37
15764.198064484779 31
15793.638139742026 32
15823.078214999274 25
15852.518290256521 26
15881.958365513767 31
15911.398440771014 34
15940.838516028261 36
15970.278591285509 21
15999.718666542754 29
16029.158741800002 28
16058.59881705725 30
16088.038892314496 24
16117.478967571744 27
16146.919042828991 36
16176.359118086237 31
16205.799193343484 19
16235.239268600732 35
16264.679343857979 19
16294.119419115224 26
16323.559494372472 21
16352.99956962972 23
16382.439644886967 17
16411.879720144214 20
16441.31979540146 17
16470.75987065871 21
16500.199945915956 32
16529.640021173203 36
16559.08009643045 29
16588.520171687695 30
16617.960246944942 20
16647.40032220219 26
16676.840397459437 23
16706.280472716684 25
16735.72054797393 20
16765.16062323118 19
16794.600698488426 27
16824.040773745674 19
16853.480849002917 28
16882.920924260165 27
16912.360999517412 28
16941.80107477466 26
16971.241150031907 19
17000.681225289154 23
17030.1213005464 16
17059.56137580365 26
17089.001451060896 25
17118.441526318144 19
17147.881601575387 18
17177.321676832635 19
17206.761752089882 29
17236.20182734713 18
17265.641902604377 27
17295.081977861624 24
17324.52205311887 21
17353.96212837612 21
17383.402203633363 20
17412.84227889061 24
17442.282354147857 16
17471.722429405105 22
17501.162504662352 24
17530.6025799196 27
17560.042655176847 20
17589.482730434094 24
17618.92280569134 21
17648.362880948585 27
17677.802956205833 21
17707.24303146308 20
17736.683106720327 21
17766.123181977575 17
17795.563257234822 19
17825.00333249207 19
17854.443407749317 19
17883.88348300656 16
17913.323558263808 23
17942.763633521055 17
17972.203708778303 23
18001.64378403555 29
18031.083859292798 27
18060.523934550045 20
18089.964009807292 16
18119.40408506454 18
18148.844160321787 24
18178.284235579034 21
18207.724310836278 25
18237.164386093526 21
18266.604461350773 26
18296.04453660802 22
18325.484611865268 19
18354.924687122515 15
18384.364762379762 26
18413.80483763701 30
18443.244912894254 24
18472.6849881515 25
18502.12506340875 20
18531.565138665996 26
18561.005213923243 19
18590.44528918049 15
18619.885364437738 21
18649.325439694985 21
18678.765514952232 16
18708.20559020948 33
18737.645665466727 15
18767.08574072397 20
18796.52581598122 15
18825.965891238466 25
18855.405966495713 17
18884.84604175296 16
18914.286117010208 22
18943.726192267455 20
18973.166267524703 23
19002.606342781946 18
19032.046418039194 25
19061.48649329644 21
19090.92656855369 13
19120.366643810936 17
19149.806719068183 27
19179.24679432543 22
19208.686869582678 23
19238.126944839925 22
19267.567020097173 20
19297.00709535442 10
19326.447170611664 10
19355.88724586891 13
19385.32732112616 18
19414.767396383406 28
19444.207471640653 15
19473.6475468979 17
19503.087622155148 26
19532.527697412395 18
19561.96777266964 19
19591.407847926886 18
19620.847923184134 14
19650.28799844138 16
19679.72807369863 31
19709.168148955876 19
19738.608224213123 13
19768.04829947037 12
19797.488374727618 20
19826.928449984865 23
19856.36852524211 26
19885.808600499357 27
19915.248675756604 9
19944.68875101385 19
19974.1288262711 15
20003.568901528346 30
20033.008976785593 21
20062.44905204284 14
20091.889127300088 11
20121.329202557332 23
20150.76927781458 14
20180.209353071827 10
20209.649428329074 6
20239.08950358632 19
20268.52957884357 22
20297.969654100816 15
20327.409729358063 27
20356.84980461531 25
20386.28987987256 24
20415.729955129802 13
20445.17003038705 12
20474.610105644297 14
20504.050180901544 14
20533.49025615879 14
20562.93033141604 11
20592.370406673286 14
20621.810481930534 17
20651.25055718778 20
20680.690632445025 17
20710.130707702272 19
20739.57078295952 17
20769.010858216767 16
20798.450933474014 22
20827.89100873126 17
20857.33108398851 20
20886.771159245756 20
20916.211234503004 18
20945.65130976025 12
20975.091385017495 18
21004.531460274742 15
21033.97153553199 19
21063.411610789237 21
21092.851686046484 15
21122.29176130373 18
21151.73183656098 21
21181.171911818226 16
21210.611987075474 22
21240.052062332717 17
21269.492137589965 20
21298.932212847212 17
21328.37228810446 16
21357.812363361707 19
21387.252438618954 10
21416.6925138762 23
21446.13258913345 15
21475.572664390696 15
21505.012739647944 20
21534.452814905188 17
21563.892890162435 27
21593.332965419682 14
21622.77304067693 14
21652.213115934177 19
21681.653191191424 9
21711.09326644867 22
21740.53334170592 18
21769.973416963167 25
21799.41349222041 18
21828.853567477658 24
21858.293642734905 19
21887.733717992152 13
21917.1737932494 21
21946.613868506647 23
21976.053943763894 20
22005.494019021142 17
22034.93409427839 12
22064.374169535637 23
22093.81424479288 23
22123.254320050128 12
22152.694395307375 23
22182.134470564622 19
22211.57454582187 24
22241.014621079117 29
22270.454696336365 30
22299.894771593612 17
22329.33484685086 15
22358.774922108103 15
22388.21499736535 8
22417.655072622598 21
22447.095147879845 17
22476.535223137093 17
22505.97529839434 8
22535.415373651587 17
22564.855448908835 22
22594.295524166082 17
22623.73559942333 20
22653.175674680573 24
22682.61574993782 24
22712.055825195068 17
22741.495900452315 20
22770.935975709563 13
22800.37605096681 13
22829.816126224057 13
22859.256201481305 22
22888.696276738552 13
22918.136351995796 23
22947.576427253043 17
22977.01650251029 14
23006.456577767538 17
23035.896653024785 15
23065.336728282033 17
23094.77680353928 19
23124.216878796527 14
23153.656954053775 14
23183.097029311022 19
23212.537104568266 18
23241.977179825513 22
23271.41725508276 15
23300.857330340008 15
23330.297405597255 12
23359.737480854503 10
23389.17755611175 17
23418.617631368998 16
23448.057706626245 14
23477.49778188349 15
23506.937857140736 26
23536.377932397983 22
23565.81800765523 22
23595.258082912478 19
23624.698158169726 15
23654.138233426973 14
23683.57830868422 13
23713.018383941468 15
23742.458459198715 13
23771.89853445596 22
23801.338609713206 15
23830.778684970453 15
23860.2187602277 8
23889.65883548495 16
23919.098910742196 16
23948.538985999443 17
23977.97906125669 18
24007.419136513938 11
24036.85921177118 22
24066.29928702843 15
24095.739362285676 19
24125.179437542924 19
24154.61951280017 24
24184.05958805742 9
24213.499663314666 12
24242.939738571913 16
24272.37981382916 10
24301.819889086408 5
24331.25996434365 11
24360.7000396009 14
24390.140114858146 9
24419.580190115394 17
24449.02026537264 10
24478.46034062989 13
24507.900415887136 16
24537.340491144383 16
24566.78056640163 15
24596.220641658874 15
24625.66071691612 10
24655.10079217337 16
24684.540867430616 13
24713.980942687864 14
24743.42101794511 9
24772.86109320236 15
24802.301168459606 12
24831.741243716853 7
24861.1813189741 12
24890.621394231344 18
24920.06146948859 17
24949.50154474584 14
24978.941620003086 13
25008.381695260334 19
25037.82177051758 15
25067.26184577483 11
25096.701921032076 12
25126.141996289323 7
25155.582071546567 11
25185.022146803814 12
25214.46222206106 12
25243.90229731831 15
25273.342372575557 6
25302.782447832804 5
25332.22252309005 8
25361.6625983473 14
25391.102673604546 10
25420.542748861793 9
25449.982824119037 14
25479.422899376284 13
25508.862974633532 11
25538.30304989078 15
25567.743125148027 6
25597.183200405274 14
25626.62327566252 12
25656.06335091977 9
25685.503426177016 7
25714.94350143426 15
25744.383576691507 9
25773.823651948755 11
25803.263727206002 10
25832.70380246325 13
25862.143877720497 8
25891.583952977744 5
25921.02402823499 11
25950.46410349224 6
25979.904178749486 10
26009.34425400673 15
26038.784329263977 11
26068.224404521225 11
26097.664479778472 8
26127.10455503572 8
26156.544630292967 10
26185.984705550214 9
26215.42478080746 6
26244.86485606471 7
26274.304931321953 10
26303.7450065792 17
26333.185081836447 7
26362.625157093695 10
26392.065232350942 12
26421.50530760819 7
26450.945382865437 6
26480.385458122684 10
26509.82553337993 12
26539.26560863718 15
26568.705683894423 13
26598.14575915167 6
26627.585834408917 12
26657.025909666165 14
26686.465984923412 11
26715.90606018066 7
26745.346135437907 11
26774.786210695154 14
26804.2262859524 10
26833.666361209645 15
26863.106436466893 7
26892.54651172414 15
26921.986586981388 9
26951.426662238635 14
26980.866737495882 15
27010.30681275313 18
27039.746888010377 5
27069.186963267624 10
27098.62703852487 11
27128.067113782115 10
27157.507189039363 18
27186.94726429661 14
27216.387339553858 13
27245.827414811105 9
27275.267490068352 13
27304.7075653256 13
27334.147640582847 9
27363.587715840094 10
27393.02779109734 15
27422.467866354586 11
27451.907941611833 15
27481.34801686908 5
27510.788092126328 11
27540.228167383575 13
27569.668242640822 7
27599.10831789807 13
27628.548393155317 11
27657.988468412565 16
27687.42854366981 8
27716.868618927056 8
27746.308694184303 7
27775.74876944155 12
27805.188844698798 14
27834.628919956045 12
27864.068995213293 9
27893.50907047054 10
27922.949145727784 8
27952.38922098503 11
27981.82929624228 12
28011.269371499526 6
28040.709446756773 10
28070.14952201402 16
28099.589597271268 15
28129.029672528515 10
28158.469747785763 16
28187.90982304301 9
28217.349898300257 10
28246.7899735575 9
28276.23004881475 9
28305.670124071996 11
28335.110199329243 8
28364.55027458649 7
28393.990349843738 7
28423.430425100985 6
28452.870500358233 9
28482.310575615476 11
28511.750650872724 11
28541.19072612997 10
28570.63080138722 6
28600.070876644466 15
28629.510951901713 14
28658.95102715896 9
28688.391102416208 15
28717.831177673455 7
28747.271252930703 11
28776.71132818795 7
28806.151403445194 9
28835.59147870244 7
28865.03155395969 6
28894.471629216936 12
28923.911704474183 14
28953.35177973143 9
28982.791854988678 10
29012.231930245925 9
29041.67200550317 5
29071.112080760417 13
29100.552156017664 11
29129.99223127491 9
29159.43230653216 14
29188.872381789406 5
29218.312457046653 10
29247.7525323039 10
29277.192607561148 5
29306.632682818396 11
29336.072758075643 9
29365.512833332887 10
29394.952908590134 9
29424.39298384738 12
29453.83305910463 18
29483.273134361876 9
29512.713209619124 8
29542.15328487637 7
29571.59336013362 17
29601.033435390862 6
29630.47351064811 12
29659.913585905357 12
29689.353661162604 8
29718.79373641985 5
29748.2338116771 15
29777.673886934346 7
29807.113962191594 5
29836.55403744884 6
29865.99411270609 9
29895.434187963336 11
29924.87426322058 10
29954.314338477827 8
29983.754413735074 11
30013.19448899232 9
30042.63456424957 6
30072.074639506816 8
30101.514714764064 3
30130.95479002131 8
30160.394865278555 4
30189.834940535802 11
30219.27501579305 5
30248.715091050297 6
30278.155166307544 6
30307.59524156479 2
30337.03531682204 8
30366.475392079286 6
30395.915467336534 7
30425.35554259378 11
30454.79561785103 2
30484.235693108272 6
30513.67576836552 10
30543.115843622767 7
30572.555918880014 5
30601.99599413726 2
30631.43606939451 5
30660.876144651756 8
30690.316219909004 8
30719.756295166248 8
30749.196370423495 16
30778.636445680742 5
30808.07652093799 11
30837.516596195237 5
30866.956671452484 7
30896.39674670973 8
30925.83682196698 7
30955.276897224227 6
30984.716972481474 5
31014.15704773872 7
31043.597122995965 10
31073.037198253212 7
31102.47727351046 6
31131.917348767707 6
31161.357424024955 6
31190.797499282202 7
31220.23757453945 11
31249.677649796697 8
31279.11772505394 8
31308.557800311188 9
31337.997875568435 6
31367.437950825682 5
31396.87802608293 3
31426.318101340177 5
31455.758176597425 7
31485.198251854672 4
31514.63832711192 8
31544.078402369167 10
31573.518477626414 5
31602.958552883658 6
31632.398628140905 10
31661.838703398153 9
31691.2787786554 3
31720.718853912647 5
31750.158929169895 2
31779.599004427142 8
31809.03907968439 6
31838.479154941633 7
31867.91923019888 5
31897.359305456128 3
31926.799380713375 7
31956.239455970623 13
31985.67953122787 12
32015.119606485117 11
32044.559681742365 10
32073.999756999612 7
32103.43983225686 6
32132.879907514107 8
32162.31998277135 5
32191.760058028598 9
32221.200133285845 11
32250.640208543093 7
32280.08028380034 4
32309.520359057587 7
32338.960434314835 10
32368.400509572082 11
32397.840584829326 11
32427.280660086573 5
32456.72073534382 5
32486.160810601068 6
32515.600885858315 7
32545.040961115563 14
32574.48103637281 9
32603.921111630058 9
32633.361186887305 9
32662.801262144552 7
32692.2413374018 6
32721.681412659043 6
32751.12148791629 11
32780.56156317354 9
32810.00163843078 7
32839.44171368804 10
32868.88178894528 10
32898.32186420253 16
32927.76193945977 6
32957.202014717026 3
32986.642089974266 6
33016.08216523152 13
33045.52224048876 9
33074.962315746016 10
33104.402391003256 10
33133.84246626051 11
33163.28254151775 5
33192.722616775005 8
33222.162692032245 17
33251.60276728949 11
33281.04284254674 17
33310.48291780398 14
33339.922993061235 9
33369.363068318475 6
33398.80314357573 8
33428.24321883297 8
33457.683294090224 12
33487.123369347464 11
33516.56344460472 12
33546.00351986196 10
33575.44359511921 15
33604.883670376454 11
33634.32374563371 12
33663.76382089095 12
33693.2038961482 8
33722.64397140544 15
33752.0840466627 13
33781.52412191994 9
33810.96419717718 18
33840.40427243443 14
33869.84434769167 15
33899.28442294893 12
33928.72449820617 9
33958.16457346342 11
33987.60464872066 15
34017.04472397792 14
34046.48479923516 15
34075.92487449241 13
34105.36494974965 14
34134.80502500691 14
34164.24510026415 14
34193.6851755214 10
34223.12525077864 13
34252.56532603588 13
34282.005401293136 16
34311.445476550376 19
34340.88555180763 14
34370.32562706487 13
34399.765702322125 15
34429.205777579366 22
34458.64585283662 10
34488.08592809386 23
34517.526003351115 14
34546.966078608355 14
34576.40615386561 9
34605.84622912285 22
34635.286304380104 18
34664.726379637345 20
34694.1664548946 10
34723.60653015184 15
34753.046605409094 22
34782.486680666334 21
34811.926755923574 19
34841.36683118083 13
34870.80690643807 19
34900.24698169532 19
34929.68705695256 17
34959.12713220982 20
34988.56720746706 19
35018.00728272431 14
35047.44735798155 10
35076.88743323881 16
35106.32750849605 21
35135.7675837533 23
35165.20765901054 19
35194.6477342678 23
35224.08780952504 12
35253.52788478229 15
35282.96796003953 13
35312.40803529679 17
35341.84811055403 20
35371.28818581127 19
35400.72826106852 15
35430.16833632576 15
35459.608411583016 26
35489.04848684026 16
35518.48856209751 11
35547.92863735475 20
35577.368712612006 15
35606.808787869246 21
35636.2488631265 18
35665.68893838374 12
35695.129013640995 19
35724.569088898235 10
35754.00916415549 13
35783.44923941273 19
35812.889314669985 13
35842.329389927225 19
35871.76946518448 7
35901.20954044172 19
35930.64961569896 14
35960.089690956214 19
35989.529766213454 13
36018.96984147071 9
36048.40991672795 18
36077.849991985204 15
36107.290067242444 11
36136.7301424997 23
36166.17021775694 21
36195.61029301419 23
36225.05036827143 12
36254.49044352869 19
36283.93051878593 18
36313.37059404318 20
36342.81066930042 17
36372.25074455768 12
36401.69081981492 16
36431.13089507217 10
36460.57097032941 17
36490.01104558665 18
36519.45112084391 11
36548.89119610115 12
36578.3312713584 15
36607.77134661564 13
36637.2114218729 12
36666.65149713014 13
36696.09157238739 20
36725.53164764463 20
36754.971722901886 18
36784.411798159126 9
36813.85187341638 16
36843.29194867362 18
36872.732023930876 12
36902.172099188116 10
36931.61217444537 17
36961.05224970261 11
36990.492324959865 2
37019.932400217105 12
37049.372475474345 7
37078.8125507316 17
37108.25262598884 11
37137.692701246095 18
37167.132776503335 7
37196.57285176059 14
37226.01292701783 9
37255.453002275084 9
37284.893077532324 13
37314.33315278958 11
37343.77322804682 9
37373.21330330407 8
37402.653378561314 8
37432.09345381857 5
37461.53352907581 6
37490.97360433306 9
37520.4136795903 11
37549.85375484756 8
37579.2938301048 8
37608.73390536204 7
37638.17398061929 13
37667.61405587653 12
37697.05413113379 9
37726.49420639103 9
37755.93428164828 14
37785.37435690552 7
37814.81443216278 1
37844.25450742002 4
37873.69458267727 11
37903.13465793451 6
37932.57473319177 9
37962.01480844901 6
37991.45488370626 7
38020.8949589635 14
38050.335034220756 4
38079.775109477996 8
38109.21518473525 7
38138.65525999249 10
38168.09533524973 7
38197.535410506985 6
38226.975485764226 6
38256.41556102148 7
38285.85563627872 7
38315.295711535975 6
38344.735786793215 5
38374.17586205047 4
38403.61593730771 4
38433.056012564964 6
38462.496087822205 7
38491.93616307946 7
38521.3762383367 6
38550.816313593954 8
38580.256388851194 3
38609.69646410845 6
38639.13653936569 4
38668.576614622936 3
38698.01668988018 5
38727.456765137424 7
38756.89684039468 5
38786.33691565192 6
38815.77699090917 1
38845.21706616641 4
38874.65714142367 4
38904.09721668091 4
38933.53729193816 2
38962.9773671954 3
38992.41744245266 6
39021.8575177099 4
39051.29759296715 5
39080.73766822439 2
39110.17774348165 4
39139.61781873889 4
39169.05789399614 2
39198.49796925338 2
39227.93804451063 8
39257.378119767876 2
39286.81819502512 7
39316.25827028237 4
39345.69834553961 4
39375.138420796866 3
39404.578496054106 2
39434.01857131136 2
39463.4586465686 5
39492.898721825855 5
39522.338797083095 5
39551.77887234035 3
39581.21894759759 3
39610.659022854845 3
39640.099098112085 4
39669.53917336934 5
39698.97924862658 0
39728.419323883834 3
39757.859399141074 3
39787.29947439832 1
39816.73954965557 1
39846.17962491281 3
39875.619700170064 2
39905.059775427304 2
39934.49985068456 5
39963.9399259418 5
39993.38000119905 0
40022.82007645629 3
40052.26015171355 4
40081.70022697079 5
40111.14030222804 2
40140.58037748528 4
40170.02045274254 0
40199.46052799978 5
40228.90060325703 1
40258.34067851427 6
40287.78075377153 2
40317.22082902877 3
40346.660904286015 5
40376.10097954326 0
40405.5410548005 1
40434.98113005776 4
40464.421205315 1
40493.86128057225 4
40523.30135582949 1
40552.741431086746 1
40582.181506343986 5
40611.62158160124 4
40641.06165685848 3
40670.501732115736 2
40699.941807372976 4
40729.38188263023 2
40758.82195788747 2
40788.262033144725 3
40817.702108401965 2
40847.14218365922 3
40876.58225891646 5
40906.02233417371 5
40935.462409430955 2
40964.902484688195 3
40994.34255994545 1
41023.78263520269 5
41053.222710459944 4
41082.662785717184 3
41112.10286097444 4
41141.54293623168 5
41170.983011488934 3
41200.423086746174 2
41229.86316200343 3
41259.30323726067 2
41288.74331251792 5
41318.18338777516 0
41347.62346303242 3
41377.06353828966 3
41406.50361354691 1
41435.94368880415 1
41465.3837640614 1
41494.82383931865 3
41524.26391457589 0
41553.70398983314 3
41583.14406509038 7
41612.58414034764 3
41642.02421560488 2
41671.46429086213 3
41700.90436611937 4
41730.34444137663 4
41759.78451663387 1
41789.22459189112 3
41818.66466714836 4
41848.104742405616 5
41877.544817662856 1
41906.98489292011 1
41936.42496817735 5
41965.865043434605 5
41995.305118691846 5
42024.74519394909 2
42054.18526920634 2
42083.62534446358 2
42113.065419720835 1
42142.505494978075 4
42171.94557023533 3
42201.38564549257 4
42230.825720749825 2
42260.265796007065 4
42289.70587126432 7
42319.14594652156 3
42348.586021778814 0
42378.026097036054 5
42407.46617229331 2
42436.90624755055 3
42466.3463228078 4
42495.78639806504 3
42525.2264733223 3
42554.66654857954 2
42584.106623836786 6
42613.54669909403 0
42642.98677435127 5
42672.42684960853 2
42701.86692486577 5
42731.30700012302 4
42760.74707538026 1
42790.18715063752 0
42819.62722589476 4
42849.06730115201 3
42878.50737640925 2
42907.94745166651 2
42937.38752692375 4
42966.827602181 3
42996.26767743824 3
43025.707752695496 6
43055.14782795274 3
43084.58790320999 10
43114.02797846723 5
43143.46805372448 3
43172.908128981726 1
43202.348204238966 2
43231.78827949622 2
43261.22835475346 5
43290.668430010715 2
43320.108505267955 4
43349.54858052521 4
43378.98865578245 3
43408.428731039705 2
43437.868806296945 6
43467.3088815542 1
43496.74895681144 1
43526.189032068694 5
43555.629107325934 4
43585.06918258319 2
43614.50925784043 6
43643.949333097684 2
43673.389408354924 5
43702.82948361217 3
43732.26955886942 1
43761.70963412666 1
43791.14970938391 3
43820.58978464115 4
43850.02985989841 5
43879.46993515565 4
43908.9100104129 3
43938.35008567014 5
43967.7901609274 0
43997.23023618464 3
44026.67031144189 5
44056.11038669913 3
44085.55046195639 3
44114.99053721363 2
44144.43061247088 2
44173.87068772812 4
44203.31076298538 4
44232.75083824262 0
44262.190913499864 1
44291.63098875711 1
44321.07106401435 4
44350.511139271606 1
44379.951214528846 2
44409.3912897861 3
44438.83136504334 2
44468.271440300596 2
44497.711515557836 4
44527.15159081509 3
44556.59166607233 2
44586.031741329585 0
44615.471816586825 1
44644.91189184408 3
44674.35196710132 1
44703.792042358575 5
44733.232117615815 4
44762.67219287307 4
44792.11226813031 0
44821.55234338756 4
44850.992418644804 5
44880.432493902044 2
44909.8725691593 3
44939.31264441654 0
44968.752719673794 0
44998.192794931034 2
45027.63287018829 2
45057.07294544553 3
45086.51302070278 0
45115.95309596002 1
45145.39317121728 2
45174.83324647452 5
45204.27332173177 3
45233.71339698901 1
45263.15347224627 1
45292.59354750351 3
45322.03362276076 3
45351.473698018 2
45380.91377327525 2
45410.3538485325 1
45439.79392378974 3
45469.23399904699 2
45498.67407430423 0
45528.11414956149 2
45557.55422481873 3
45586.99430007598 0
45616.43437533322 1
45645.874450590476 1
45675.314525847716 1
45704.75460110497 2
45734.19467636221 4
45763.634751619466 0
45793.074826876706 2
45822.51490213396 2
45851.9549773912 1
45881.395052648455 5
45910.835127905695 1
45940.27520316294 3
45969.71527842019 0
45999.15535367743 2
46028.595428934685 0
46058.035504191925 0
46087.47557944918 0
46116.91565470642 2
46146.355729963674 3
46175.795805220914 3
46205.23588047817 0
46234.67595573541 1
46264.11603099266 1
46293.556106249904 1
46322.99618150716 1
46352.4362567644 1
46381.87633202165 1
46411.31640727889 1
46440.75648253615 3
46470.19655779339 1
46499.636633050635 0
46529.07670830788 2
46558.51678356512 1
46587.95685882238 0
46617.39693407962 0
46646.83700933687 3
46676.27708459411 0
46705.71715985137 1
46735.15723510861 2
46764.59731036586 0
46794.0373856231 4
46823.47746088036 0
46852.9175361376 3
46882.35761139485 2
46911.79768665209 0
46941.237761909346 0
46970.677837166586 3
47000.11791242384 0
47029.55798768108 1
47058.99806293833 2
47088.438138195575 1
47117.878213452816 1
47147.31828871007 5
47176.75836396731 3
47206.198439224565 2
47235.638514481805 1
47265.07858973906 2
47294.5186649963 0
47323.958740253554 0
47353.398815510795 1
47382.83889076805 1
47412.27896602529 2
47441.719041282544 0
47471.159116539784 2
47500.59919179704 1
47530.03926705428 0
47559.47934231153 1
47588.91941756877 1
47618.35949282602 2
47647.79956808327 2
47677.23964334051 2
47706.67971859776 2
47736.119793855 1
47765.55986911226 3
47794.9999443695 1
47824.44001962675 0
47853.88009488399 0
47883.32017014125 1
47912.76024539849 1
47942.20032065574 1
47971.64039591298 0
48001.08047117024 2
48030.52054642748 3
48059.96062168473 0
48089.40069694197 0
48118.840772199226 0
48148.280847456466 2
48177.720922713714 2
48207.16099797096 1
48236.6010732282 1
48266.041148485456 1
48295.481223742696 2
48324.92129899995 1
48354.36137425719 1
48383.801449514445 5
48413.241524771685 0
48442.68160002894 1
48472.12167528618 1
48501.561750543435 0
48531.001825800675 2
48560.44190105793 0
48589.88197631517 1
48619.322051572424 1
48648.762126829664 2
48678.20220208692 1
48707.64227734416 2
48737.08235260141 1
48766.522427858654 2
48795.962503115894 1
48825.40257837315 2
48854.84265363039 1
48884.28272888764 0
48913.72280414488 0
48943.16287940214 0
48972.60295465938 0
49002.04302991663 4
49031.48310517387 1
49060.92318043113 1
49090.36325568837 0
49119.80333094562 0
49149.24340620286 3
49178.68348146012 0
49208.12355671736 2
49237.56363197461 1
49267.00370723185 1
49296.4437824891 1
49325.88385774635 0
49355.32393300359 1
49384.76400826084 2
49414.20408351808 0
49443.644158775336 0
49473.084234032576 6
49502.52430928983 0
49531.96438454707 0
49561.404459804326 1
49590.844535061566 1
49620.28461031882 1
49649.72468557606 0
49679.164760833315 2
49708.604836090555 0
49738.04491134781 0
49767.48498660505 3
49796.925061862305 0
49826.365137119545 2
49855.80521237679 2
49885.24528763404 2
49914.68536289128 3
49944.125438148534 3
49973.565513405774 3
50003.00558866303 0
50032.44566392027 1
50061.885739177524 2
50091.325814434764 1
50120.76588969202 0
50150.20596494926 1
50179.64604020651 0
50209.08611546375 1
50238.52619072101 1
50267.96626597825 1
50297.4063412355 0
50326.84641649274 0
50356.28649175 1
50385.72656700724 4
50415.166642264485 3
50444.60671752173 1
50474.04679277897 1
50503.48686803623 2
50532.92694329347 1
50562.36701855072 4
50591.80709380796 5
50621.24716906522 3
50650.68724432246 0
50680.12731957971 1
50709.56739483695 3
50739.007470094206 1
50768.447545351446 2
50797.8876206087 1
50827.32769586594 1
50856.767771123195 0
50886.207846380436 2
50915.64792163769 0
50945.08799689493 1
50974.52807215218 0
51003.968147409425 1
51033.408222666665 3
51062.84829792392 4
51092.28837318116 7
51121.728448438414 0
51151.168523695655 0
51180.60859895291 3
51210.04867421015 0
51239.488749467404 1
51268.928824724644 3
51298.3688999819 1
51327.80897523914 4
51357.24905049639 1
51386.68912575363 0
51416.12920101089 3
51445.56927626813 0
51475.00935152538 4
51504.44942678262 3
51533.88950203987 0
51563.32957729712 0
51592.76965255436 3
51622.20972781161 3
51651.64980306885 3
51681.08987832611 1
51710.52995358335 0
51739.9700288406 1
51769.41010409784 1
51798.8501793551 1
51828.29025461234 0
51857.73032986959 2
51887.17040512683 2
51916.610480384086 0
51946.050555641326 1
51975.49063089858 1
52004.93070615582 1
52034.370781413076 3
52063.810856670316 2
52093.25093192756 1
52122.69100718481 0
52152.13108244205 0
52181.571157699305 0
52211.011232956545 2
52240.4513082138 1
52269.89138347104 3
52299.331458728295 0
52328.771533985535 1
52358.21160924279 4
52387.65168450003 2
52417.091759757284 1
52446.531835014524 2
52475.97191027178 1
52505.41198552902 1
52534.852060786274 1
52564.292136043514 1
52593.73221130077 1
52623.17228655801 4
52652.612361815256 3
52682.0524370725 1
52711.49251232974 1
52740.932587587 3
52770.37266284424 0
52799.81273810149 1
52829.25281335873 2
52858.69288861599 2
52888.13296387323 3
52917.57303913048 0
52947.01311438772 2
52976.45318964498 0
53005.89326490222 0
53035.33334015947 3
53064.77341541671 3
53094.21349067397 0
53123.65356593121 0
53153.09364118846 2
53182.5337164457 1
53211.97379170295 1
53241.413866960196 1
53270.853942217436 1
53300.29401747469 6
53329.73409273193 1
53359.174167989186 2
53388.614243246426 3
53418.05431850368 1
53447.49439376092 0
53476.934469018175 3
53506.374544275415 1
53535.81461953267 3
53565.25469478991 1
53594.694770047165 4
53624.134845304405 0
53653.57492056166 2
53683.0149958189 1
53712.455071076154 0
53741.895146333394 2
53771.33522159064 1
53800.77529684789 2
53830.21537210513 3
53859.655447362384 2
53889.095522619624 2
53918.53559787688 2
53947.97567313412 1
53977.41574839137 0
54006.85582364861 2
54036.29589890587 0
54065.73597416311 0
54095.17604942036 0
54124.6161246776 2
54154.05619993486 2
54183.4962751921 2
54212.93635044935 1
54242.37642570659 2
54271.81650096385 1
54301.25657622109 2
54330.69665147833 2
54360.13672673558 1
54389.57680199282 0
54419.01687725008 2
54448.45695250732 0
54477.89702776457 3
54507.33710302181 0
54536.777178279066 3
54566.217253536306 1
54595.65732879356 1
54625.0974040508 2
54654.537479308055 1
54683.977554565296 1
54713.41762982255 0
54742.85770507979 2
54772.297780337045 0
54801.737855594285 2
54831.17793085154 2
54860.61800610878 0
54890.05808136602 2
54919.498156623275 2
54948.938231880515 1
54978.37830713777 1
55007.81838239501 2
55037.258457652264 1
55066.698532909504 0
55096.13860816676 2
55125.578683424 1
55155.01875868125 4
55184.45883393849 2
55213.89890919575 0
55243.33898445299 0
55272.77905971024 0
55302.21913496748 0
55331.65921022474 1
55361.09928548198 1
55390.53936073923 2
55419.97943599647 1
55449.41951125371 1
55478.85958651097 0
55508.29966176821 1
55537.73973702546 0
55567.1798122827 0
55596.61988753996 1
55626.0599627972 1
55655.50003805445 0
55684.94011331169 0
55714.380188568946 1
55743.82026382619 0
55773.26033908344 0
55802.70041434068 1
55832.140489597936 2
55861.580564855176 0
55891.02064011243 1
55920.46071536967 0
55949.900790626925 2
55979.340865884165 1
56008.780941141405 1
56038.22101639866 1
56067.6610916559 1
56097.101166913155 0
56126.541242170395 0
56155.98131742765 0
56185.42139268489 0
56214.861467942144 2
56244.301543199384 1
56273.74161845664 0
56303.18169371388 0
56332.621768971134 0
56362.061844228374 1
56391.50191948563 0
56420.94199474287 0
56450.38207000012 1
56479.82214525736 2
56509.26222051462 2
56538.70229577186 2
56568.1423710291 0
56597.58244628635 0
56627.02252154359 2
56656.46259680085 1
56685.90267205809 0
56715.34274731534 2
56744.78282257258 0
56774.22289782984 2
56803.66297308708 0
56833.10304834433 0
56862.54312360157 0
56891.98319885883 0
56921.42327411607 0
56950.86334937332 0
56980.30342463056 0
57009.743499887816 2
57039.183575145056 1
57068.62365040231 2
57098.06372565955 2
57127.50380091679 1
57156.943876174046 0
57186.383951431286 2
57215.82402668854 1
57245.26410194578 0
57274.704177203035 1
57304.144252460275 0
57333.58432771753 1
57363.02440297477 1
57392.464478232025 3
57421.904553489265 1
57451.34462874652 1
57480.78470400376 1
57510.224779261014 2
57539.664854518254 1
57569.10492977551 0
57598.54500503275 1
57627.985080290004 0
57657.425155547244 3
57686.865230804484 0
57716.30530606174 0
57745.74538131898 0
57775.18545657623 1
57804.62553183347 3
57834.06560709073 1
57863.50568234797 1
57892.94575760522 2
57922.38583286246 4
57951.82590811972 0
57981.26598337696 4
58010.70605863421 1
58040.14613389145 1
58069.58620914871 1
58099.02628440595 2
58128.4663596632 0
58157.90643492044 1
58187.3465101777 1
58216.78658543494 1
58246.22666069218 1
58275.66673594943 1
58305.10681120667 1
58334.546886463926 3
58363.986961721166 2
58393.42703697842 8
58422.86711223566 1
58452.307187492916 1
58481.747262750156 3
58511.18733800741 6
58540.62741326465 8
58570.067488521905 5
58599.507563779145 0
58628.9476390364 6
58658.38771429364 7
58687.827789550895 10
58717.267864808135 9
58746.70794006539 11
58776.14801532263 8
58805.58809057987 17
58835.028165837124 16
58864.468241094364 21
58893.90831635162 15
58923.34839160886 34
58952.78846686611 30
58982.228542123354 42
59011.66861738061 29
59041.10869263785 36
59070.5487678951 20
59099.98884315234 26
59129.4289184096 20
59158.86899366684 19
59188.30906892409 18
59217.74914418133 9
59247.18921943859 9
59276.62929469583 1
59306.06936995308 5
59335.50944521032 3
59364.94952046756 5
59394.38959572482 3
59423.82967098206 4
59453.26974623931 6
59482.70982149655 1
59512.14989675381 2
59541.58997201105 4
59571.0300472683 3
59600.47012252554 3
59629.910197782796 3
59659.350273040036 2
59688.79034829729 1
59718.23042355453 3
59747.670498811785 2
59777.110574069025 1
59806.55064932628 2
59835.99072458352 3
59865.430799840775 5
59894.870875098015 2
59924.310950355255 4
59953.75102561251 4
59983.19110086975 2
60012.631176127004 1
60042.071251384245 4
60071.5113266415 5
60100.95140189874 3
60130.391477155994 3
60159.831552413234 6
60189.27162767049 6
60218.71170292773 6
60248.15177818498 4
60277.59185344222 4
60307.03192869948 5
60336.47200395672 6
60365.91207921397 8
60395.35215447121 5
60424.79222972847 6
60454.23230498571 5
60483.67238024295 7
60513.1124555002 8
60542.55253075744 4
60571.9926060147 8
60601.43268127194 4
60630.87275652919 4
60660.31283178643 4
60689.75290704369 8
60719.19298230093 7
60748.63305755818 6
60778.07313281542 8
60807.513208072676 11
60836.953283329916 13
60866.39335858717 12
60895.83343384441 8
60925.273509101666 9
60954.713584358906 11
60984.15365961616 12
61013.5937348734 17
61043.03381013064 24
61072.473885387895 26
61101.913960645135 97
61131.35403590239 210
61160.79411115963 217
61190.234186416885 109
61219.674261674125 5
61249.11433693138 0
61278.55441218862 1
