# TIME: 181.546159264 s
# Channel Counts
1014.9387604928488 2776
1044.780428723193 2418
1074.6220969535368 2423
1104.4637651838807 2180
1134.3054334142248 2130
1164.147101644569 2064
1193.988769874913 2086
1223.830438105257 1987
1253.6721063356008 2068
1283.513774565945 2091
1313.355442796289 2228
1343.197111026633 2097
1373.0387792569768 2162
1402.880447487321 2240
1432.722115717665 2292
1462.5637839480091 2167
1492.405452178353 2190
1522.247120408697 2374
1552.088788639041 2331
1581.9304568693851 2418
1611.7721250997292 2280
1641.613793330073 2459
1671.455461560417 2373
1701.2971297907611 2419
1731.1387980211052 2421
1760.9804662514493 2499
1790.822134481793 2554
1820.663802712137 2455
1850.5054709424812 2456
1880.3471391728253 2594
1910.1888074031694 2497
1940.030475633513 2567
1969.8721438638572 2524
1999.7138120942013 2552
2029.5554803245454 2514
2059.3971485548896 2531
2089.238816785233 2490
2119.0804850155773 2491
2148.9221532459214 2405
2178.7638214762655 2521
2208.605489706609 2523
2238.4471579369533 2446
2268.2888261672974 2535
2298.1304943976415 2516
2327.9721626279857 2459
2357.8138308583298 2505
2387.6554990886734 2463
2417.4971673190175 2489
2447.3388355493616 2484
2477.1805037797053 2454
2507.0221720100494 2431
2536.8638402403935 2514
2566.7055084707376 2421
2596.5471767010818 2451
2626.388844931426 2468
2656.2305131617695 2420
2686.0721813921136 2520
2715.9138496224577 2509
2745.755517852802 2488
2775.5971860831455 2483
2805.4388543134896 2573
2835.2805225438337 2486
2865.122190774178 2580
2894.963859004522 2489
2924.805527234866 2419
2954.6471954652097 2512
2984.488863695554 2492
3014.330531925898 2461
3044.1722001562416 2573
3074.0138683865857 2459
3103.85553661693 2454
3133.697204847274 2511
3163.538873077618 2523
3193.3805413079617 2633
3223.222209538306 2512
3253.06387776865 2528
3282.905545998994 2545
3312.747214229338 2588
3342.5888824596823 2497
3372.430550690026 2538
3402.27221892037 2525
3432.113887150714 2576
3461.955555381058 2585
3491.797223611402 2538
3521.638891841746 2464
3551.48056007209 2542
3581.3222283024343 2574
3611.1638965327784 2502
3641.005564763122 2624
3670.847232993466 2519
3700.6889012238103 2561
3730.5305694541544 2589
3760.372237684498 2467
3790.213905914842 2610
3820.0555741451863 2598
3849.8972423755304 2608
3879.7389106058745 2561
3909.5805788362186 2632
3939.4222470665622 2591
3969.2639152969064 2653
3999.1055835272505 2630
4028.947251757594 2683
4058.7889199879382 2612
4088.6305882182824 2676
4118.4722564486265 2739
4148.313924678971 2765
4178.155592909314 2684
4207.997261139659 2702
4237.838929370002 2722
4267.680597600347 2742
4297.52226583069 2743
4327.363934061035 2731
4357.205602291378 2786
4387.047270521723 2664
4416.888938752067 2841
4446.730606982411 2866
4476.572275212755 2865
4506.413943443098 2838
4536.255611673443 2823
4566.097279903786 2961
4595.938948134131 2892
4625.780616364475 2781
4655.622284594819 2889
4685.463952825163 3088
4715.305621055507 2903
4745.147289285851 2951
4774.988957516194 2904
4804.830625746539 3001
4834.672293976882 2985
4864.513962207227 3019
4894.355630437571 2960
4924.197298667915 2977
4954.038966898259 3043
4983.880635128603 2996
5013.722303358947 2905
5043.56397158929 3028
5073.405639819635 3005
5103.2473080499785 3044
5133.088976280323 3093
5162.930644510667 3026
5192.772312741011 3084
5222.613980971355 2920
5252.455649201699 2968
5282.297317432043 2854
5312.138985662387 3042
5341.980653892731 2922
5371.822322123075 2995
5401.663990353419 3007
5431.505658583763 2986
5461.347326814107 2863
5491.188995044451 2997
5521.030663274795 2789
5550.872331505139 3004
5580.713999735483 2937
5610.5556679658275 2848
5640.397336196172 2889
5670.239004426516 2850
5700.080672656859 2792
5729.922340887203 2878
5759.764009117547 2837
5789.605677347891 2797
5819.447345578235 2840
5849.2890138085795 2804
5879.130682038924 2688
5908.972350269268 2803
5938.814018499612 2719
5968.655686729955 2679
5998.497354960299 2704
6028.339023190643 2653
6058.180691420987 2751
6088.0223596513315 2695
6117.864027881676 2669
6147.70569611202 2692
6177.547364342364 2618
6207.389032572708 2585
6237.230700803051 2609
6267.072369033395 2534
6296.914037263739 2649
6326.7557054940835 2569
6356.597373724428 2616
6386.439041954772 2533
6416.280710185116 2552
6446.12237841546 2553
6475.964046645804 2550
6505.805714876147 2382
6535.647383106491 2536
6565.4890513368355 2445
6595.33071956718 2397
6625.172387797524 2521
6655.014056027868 2441
6684.855724258212 2399
6714.697392488556 2465
6744.5390607189 2382
6774.380728949244 2359
6804.222397179588 2310
6834.064065409932 2275
6863.905733640276 2306
6893.74740187062 2285
6923.589070100964 2388
6953.430738331308 2280
6983.272406561652 2230
7013.114074791996 2264
7042.95574302234 2215
7072.7974112526845 2250
7102.639079483028 2290
7132.480747713372 2149
7162.322415943716 2325
7192.16408417406 2223
7222.005752404404 2236
7251.847420634748 2145
7281.689088865092 2169
7311.5307570954365 2201
7341.372425325781 2159
7371.214093556124 2125
7401.055761786468 2207
7430.897430016812 2136
7460.739098247156 2169
7490.5807664775 2086
7520.422434707844 2097
7550.264102938188 2122
7580.105771168533 2145
7609.947439398877 2072
7639.78910762922 2099
7669.630775859564 2117
7699.472444089908 2024
7729.314112320252 2095
7759.155780550596 2036
7788.99744878094 2023
7818.8391170112845 2001
7848.680785241629 2017
7878.522453471973 2072
7908.364121702317 1955
7938.205789932661 2017
7968.047458163004 1953
7997.889126393348 2039
8027.730794623692 1989
8057.5724628540365 2052
8087.414131084381 1983
8117.255799314725 2029
8147.097467545069 1921
8176.939135775413 1950
8206.780804005757 1964
8236.6224722361 1994
8266.464140466443 1895
8296.305808696789 1923
8326.147476927134 1888
8355.989145157477 1955
8385.83081338782 2040
8415.672481618165 1912
8445.51414984851 1905
8475.355818078853 1949
8505.197486309196 1913
8535.03915453954 1906
8564.880822769885 1965
8594.72249100023 1872
8624.564159230573 1911
8654.405827460916 1863
8684.247495691261 1916
8714.089163921606 1849
8743.93083215195 1909
8773.772500382292 1851
8803.614168612636 1931
8833.45583684298 1800
8863.297505073326 1802
8893.139173303669 1918
8922.980841534012 1891
8952.822509764357 1914
8982.664177994702 1868
9012.505846225045 1893
9042.347514455389 1832
9072.189182685734 1745
9102.030850916077 1816
9131.872519146422 1829
9161.714187376765 1787
9191.555855607108 1840
9221.397523837453 1786
9251.239192067798 1772
9281.080860298141 1831
9310.922528528485 1699
9340.76419675883 1834
9370.605864989175 1748
9400.447533219518 1753
9430.289201449861 1770
9460.130869680206 1719
9489.97253791055 1710
9519.814206140894 1771
9549.655874371238 1741
9579.49754260158 1696
9609.339210831926 1755
9639.18087906227 1729
9669.022547292614 1757
9698.864215522957 1734
9728.705883753302 1644
9758.547551983645 1737
9788.38922021399 1756
9818.230888444334 1634
9848.072556674677 1615
9877.914224905022 1669
9907.755893135367 1643
9937.59756136571 1705
9967.439229596053 1664
9997.280897826398 1688
10027.122566056743 1716
10056.964234287087 1715
10086.80590251743 1603
10116.647570747773 1679
10146.489238978118 1705
10176.330907208463 1686
10206.172575438806 1639
10236.01424366915 1633
10265.855911899494 1629
10295.69758012984 1628
10325.539248360183 1687
10355.380916590526 1679
10385.222584820869 1599
10415.064253051214 1622
10444.90592128156 1618
10474.747589511902 1577
10504.589257742246 1645
10534.43092597259 1610
10564.272594202936 1647
10594.114262433279 1581
10623.955930663622 1612
10653.797598893965 1608
10683.63926712431 1625
10713.480935354655 1517
10743.322603584998 1594
10773.164271815342 1534
10803.005940045687 1492
10832.847608276032 1571
10862.689276506375 1559
10892.530944736718 1491
10922.372612967061 1573
10952.214281197406 1617
10982.055949427751 1560
11011.897617658095 1554
11041.739285888438 1507
11071.580954118783 1531
11101.422622349128 1556
11131.264290579471 1562
11161.105958809814 1605
11190.94762704016 1517
11220.789295270502 1595
11250.630963500847 1469
11280.47263173119 1483
11310.314299961534 1537
11340.155968191879 1543
11369.997636422224 1522
11399.839304652567 1480
11429.68097288291 1486
11459.522641113255 1465
11489.364309343599 1548
11519.205977573944 1542
11549.047645804287 1492
11578.88931403463 1442
11608.730982264975 1477
11638.57265049532 1551
11668.414318725663 1441
11698.255986956006 1492
11728.097655186351 1490
11757.939323416695 1414
11787.78099164704 1429
11817.622659877383 1519
11847.464328107726 1447
11877.305996338071 1451
11907.147664568416 1354
11936.98933279876 1392
11966.831001029102 1475
11996.672669259448 1512
12026.51433748979 1454
12056.356005720136 1418
12086.197673950479 1418
12116.039342180822 1478
12145.881010411167 1407
12175.722678641512 1485
12205.564346871855 1409
12235.406015102199 1432
12265.247683332544 1388
12295.089351562889 1415
12324.931019793232 1480
12354.772688023575 1382
12384.614356253918 1452
12414.456024484263 1430
12444.297692714608 1449
12474.139360944951 1424
12503.981029175295 1406
12533.82269740564 1474
12563.664365635985 1477
12593.506033866328 1385
12623.347702096671 1374
12653.189370327014 1399
12683.03103855736 1406
12712.872706787704 1448
12742.714375018048 1373
12772.55604324839 1436
12802.397711478736 1358
12832.23937970908 1377
12862.081047939424 1418
12891.922716169767 1376
12921.76438440011 1339
12951.606052630455 1374
12981.4477208608 1406
13011.289389091144 1422
13041.131057321487 1355
13070.972725551832 1341
13100.814393782177 1328
13130.65606201252 1420
13160.497730242863 1371
13190.339398473207 1340
13220.181066703552 1304
13250.022734933897 1387
13279.86440316424 1435
13309.706071394583 1330
13339.547739624928 1320
13369.389407855273 1410
13399.231076085616 1315
13429.07274431596 1348
13458.914412546304 1333
13488.756080776648 1360
13518.597749006993 1281
13548.439417237336 1395
13578.281085467679 1314
13608.122753698024 1300
13637.96442192837 1268
13667.806090158712 1323
13697.647758389056 1322
13727.4894266194 1281
13757.331094849744 1245
13787.172763080089 1294
13817.014431310432 1315
13846.856099540775 1300
13876.69776777112 1291
13906.539436001465 1322
13936.381104231808 1291
13966.222772462152 1301
13996.064440692497 1251
14025.90610892284 1322
14055.747777153185 1263
14085.589445383528 1219
14115.431113613871 1272
14145.272781844216 1270
14175.114450074561 1266
14204.956118304905 1233
14234.797786535248 1253
14264.639454765593 1216
14294.481122995936 1272
14324.322791226281 1300
14354.164459456624 1264
14384.006127686967 1246
14413.847795917312 1285
14443.689464147657 1207
14473.531132378 1253
14503.372800608344 1253
14533.214468838689 1264
14563.056137069034 1297
14592.897805299377 1255
14622.73947352972 1235
14652.581141760063 1264
14682.422809990408 1200
14712.264478220754 1264
14742.106146451097 1276
14771.94781468144 1289
14801.789482911785 1208
14831.63115114213 1217
14861.472819372473 1194
14891.314487602816 1197
14921.15615583316 1238
14950.997824063505 1118
14980.83949229385 1198
15010.681160524193 1192
15040.522828754536 1232
15070.364496984881 1244
15100.206165215226 1230
15130.04783344557 1186
15159.889501675912 1225
15189.731169906256 1247
15219.5728381366 1222
15249.414506366946 1205
15279.256174597289 1170
15309.097842827632 1171
15338.939511057977 1176
15368.781179288322 1280
15398.622847518665 1147
15428.464515749009 1165
15458.306183979352 1178
15488.147852209697 1183
15517.989520440042 1200
15547.831188670385 1199
15577.672856900728 1160
15607.514525131073 1111
15637.356193361418 1131
15667.197861591761 1159
15697.039529822105 1210
15726.88119805245 1170
15756.722866282793 1098
15786.564534513138 1155
15816.406202743481 1126
15846.247870973824 1178
15876.08953920417 1139
15905.931207434514 1100
15935.772875664858 1157
15965.6145438952 1172
15995.456212125546 1183
16025.297880355889 1133
16055.139548586234 1163
16084.981216816577 1100
16114.82288504692 1106
16144.664553277265 1191
16174.50622150761 1191
16204.347889737954 1162
16234.189557968297 1165
16264.031226198642 1155
16293.872894428985 1145
16323.71456265933 1108
16353.556230889673 1208
16383.397899120017 1128
16413.23956735036 1124
16443.081235580707 1137
16472.92290381105 1197
16502.764572041393 1142
16532.606240271736 1188
16562.44790850208 1174
16592.289576732423 1114
16622.13124496277 1122
16651.972913193113 1108
16681.814581423456 1081
16711.656249653803 1103
16741.497917884146 1113
16771.33958611449 1049
16801.181254344832 1059
16831.022922575175 1122
16860.86459080552 1129
16890.706259035866 1030
16920.54792726621 1038
16950.389595496552 1105
16980.2312637269 1089
17010.072931957242 1091
17039.914600187585 1039
17069.75626841793 1112
17099.59793664827 1110
17129.43960487862 1081
17159.28127310896 1063
17189.122941339305 1032
17218.964609569648 1090
17248.806277799995 1039
17278.647946030338 1079
17308.48961426068 1011
17338.331282491024 1049
17368.172950721368 1044
17398.014618951715 1061
17427.856287182058 1043
17457.6979554124 1073
17487.539623642748 1105
17517.38129187309 1016
17547.222960103434 1047
17577.064628333777 1050
17606.90629656412 1048
17636.747964794467 1059
17666.58963302481 1074
17696.431301255154 1016
17726.272969485497 1048
17756.114637715844 1021
17785.956305946187 1124
17815.79797417653 921
17845.639642406873 1030
17875.481310637217 988
17905.322978867564 983
17935.164647097907 1072
17965.00631532825 1079
17994.847983558593 1019
18024.68965178894 1001
18054.531320019283 1065
18084.372988249626 1041
18114.21465647997 1061
18144.056324710313 1040
18173.89799294066 990
18203.739661171003 1032
18233.581329401346 1028
18263.42299763169 1045
18293.264665862036 1020
18323.10633409238 1050
18352.948002322722 1027
18382.789670553066 960
18412.63133878341 1012
18442.473007013756 978
18472.3146752441 988
18502.156343474442 987
18531.998011704785 1002
18561.839679935132 985
18591.681348165475 1036
18621.52301639582 983
18651.36468462616 1032
18681.206352856505 1056
18711.04802108685 1018
18740.889689317195 1021
18770.73135754754 1022
18800.573025777885 1021
18830.41469400823 1012
18860.25636223857 1008
18890.098030468915 1057
18919.939698699258 1128
18949.7813669296 975
18979.623035159948 996
19009.46470339029 1003
19039.306371620634 974
19069.14803985098 980
19098.989708081324 1006
19128.831376311668 1000
19158.67304454201 1003
19188.514712772354 975
19218.356381002697 995
19248.198049233044 1029
19278.039717463387 1022
19307.88138569373 957
19337.723053924077 1013
19367.56472215442 952
19397.406390384764 968
19427.248058615107 955
19457.08972684545 999
19486.931395075793 974
19516.77306330614 976
19546.614731536483 992
19576.456399766827 1035
19606.298067997173 989
19636.139736227517 995
19665.98140445786 963
19695.823072688203 989
19725.664740918546 973
19755.50640914889 1031
19785.348077379236 975
19815.18974560958 1030
19845.031413839923 1005
19874.87308207027 1046
19904.714750300613 979
19934.556418530956 950
19964.3980867613 1014
19994.239754991642 1035
20024.081423221985 1044
20053.923091452332 984
20083.764759682676 986
20113.60642791302 981
20143.448096143366 964
20173.28976437371 981
20203.131432604052 974
20232.973100834395 989
20262.81476906474 1009
20292.65643729508 1011
20322.49810552543 957
20352.33977375577 1023
20382.181441986115 986
20412.02311021646 928
20441.864778446805 994
20471.706446677148 993
20501.54811490749 983
20531.389783137834 934
20561.231451368178 1027
20591.073119598524 998
20620.914787828868 954
20650.75645605921 988
20680.598124289558 980
20710.4397925199 972
20740.281460750244 987
20770.123128980587 1001
20799.96479721093 1011
20829.806465441274 965
20859.64813367162 976
20889.489801901964 976
20919.331470132307 946
20949.173138362654 960
20979.014806592997 990
21008.85647482334 939
21038.698143053683 906
21068.539811284027 946
21098.381479514373 936
21128.223147744717 1015
21158.06481597506 947
21187.906484205403 993
21217.74815243575 1012
21247.589820666093 937
21277.431488896436 948
21307.27315712678 954
21337.114825357123 903
21366.95649358747 950
21396.798161817813 997
21426.639830048156 951
21456.4814982785 908
21486.323166508846 965
21516.16483473919 960
21546.006502969532 993
21575.848171199876 968
21605.68983943022 1004
21635.531507660566 959
21665.37317589091 1033
21695.214844121252 915
21725.056512351595 984
21754.898180581942 948
21784.739848812285 954
21814.58151704263 969
21844.42318527297 938
21874.264853503315 994
21904.10652173366 952
21933.948189964005 943
21963.78985819435 980
21993.63152642469 950
22023.47319465504 943
22053.31486288538 942
22083.156531115725 936
22112.998199346068 917
22142.83986757641 934
22172.681535806758 950
22202.5232040371 919
22232.364872267444 976
22262.206540497788 920
22292.048208728134 969
22321.889876958478 926
22351.73154518882 968
22381.573213419164 935
22411.414881649507 922
22441.256549879854 890
22471.098218110197 964
22500.93988634054 1001
22530.781554570884 966
22560.62322280123 990
22590.464891031574 899
22620.306559261917 966
22650.14822749226 954
22679.989895722603 887
22709.83156395295 927
22739.673232183293 916
22769.514900413636 917
22799.35656864398 948
22829.198236874327 896
22859.03990510467 922
22888.881573335013 900
22918.723241565356 915
22948.5649097957 886
22978.406578026046 873
23008.24824625639 956
23038.089914486733 850
23067.931582717076 891
23097.773250947423 867
23127.614919177766 917
23157.45658740811 876
23187.298255638452 912
23217.139923868795 941
23246.981592099142 913
23276.823260329485 830
23306.66492855983 957
23336.506596790176 865
23366.34826502052 836
23396.189933250862 866
23426.031601481205 868
23455.87326971155 901
23485.71493794189 870
23515.55660617224 872
23545.39827440258 942
23575.239942632925 884
23605.08161086327 857
23634.923279093615 867
23664.764947323958 860
23694.6066155543 904
23724.448283784644 869
23754.289952014988 890
23784.131620245334 842
23813.973288475678 854
23843.81495670602 868
23873.656624936368 861
23903.49829316671 820
23933.339961397054 794
23963.181629627397 823
23993.02329785774 846
24022.864966088084 851
24052.70663431843 865
24082.548302548774 840
24112.389970779117 846
24142.231639009464 866
24172.073307239807 886
24201.91497547015 831
24231.756643700493 850
24261.598311930837 825
24291.43998016118 855
24321.281648391527 865
24351.12331662187 876
24380.964984852213 882
24410.80665308256 802
24440.648321312903 892
24470.489989543246 807
24500.33165777359 845
24530.173326003933 847
24560.014994234276 883
24589.856662464623 931
24619.698330694966 872
24649.53999892531 887
24679.381667155656 847
24709.223335386 886
24739.065003616342 899
24768.906671846686 864
24798.74834007703 856
24828.590008307372 851
24858.43167653772 905
24888.273344768062 914
24918.115012998405 909
24947.956681228752 880
24977.798349459095 882
25007.64001768944 855
25037.48168591978 893
25067.323354150125 898
25097.165022380468 987
25127.006690610815 877
25156.84835884116 936
25186.6900270715 983
25216.53169530185 981
25246.37336353219 904
25276.215031762535 1031
25306.056699992878 896
25335.89836822322 993
25365.740036453564 969
25395.58170468391 959
25425.423372914254 1016
25455.265041144597 990
25485.106709374944 1031
25514.948377605288 1011
25544.79004583563 1004
25574.631714065974 1062
25604.473382296317 1107
25634.31505052666 1102
25664.156718757007 1147
25693.99838698735 1111
25723.840055217694 1110
25753.68172344804 1144
25783.523391678384 1210
25813.365059908727 1188
25843.20672813907 1246
25873.048396369413 1255
25902.89006459976 1300
25932.731732830103 1316
25962.573401060446 1297
25992.41506929079 1280
26022.256737521137 1413
26052.09840575148 1369
26081.940073981823 1416
26111.781742212166 1476
26141.62341044251 1520
26171.465078672856 1563
26201.3067469032 1528
26231.148415133543 1547
26260.990083363886 1593
26290.831751594233 1709
26320.673419824576 1697
26350.51508805492 1705
26380.356756285262 1786
26410.198424515605 1815
26440.040092745952 1804
26469.881760976295 1855
26499.72342920664 2003
26529.565097436982 2001
26559.40676566733 2008
26589.248433897672 2140
26619.090102128015 2044
26648.93177035836 2144
26678.7734385887 2195
26708.61510681905 2244
26738.45677504939 2317
26768.298443279735 2301
26798.140111510078 2399
26827.981779740425 2417
26857.823447970768 2495
26887.66511620111 2577
26917.506784431454 2635
26947.348452661798 2688
26977.190120892144 2755
27007.031789122488 2812
27036.87345735283 2909
27066.715125583174 2963
27096.55679381352 2871
27126.398462043864 3018
27156.240130274207 3064
27186.08179850455 3116
27215.923466734894 3244
27245.76513496524 3212
27275.606803195584 3351
27305.448471425927 3397
27335.29013965627 3597
27365.131807886617 3558
27394.97347611696 3574
27424.815144347303 3689
27454.656812577647 3747
27484.49848080799 3773
27514.340149038337 3913
27544.18181726868 3841
27574.023485499023 3965
27603.865153729366 3997
27633.706821959713 4167
27663.548490190056 4193
27693.3901584204 4238
27723.231826650743 4214
27753.073494881086 4368
27782.915163111433 4270
27812.756831341776 4358
27842.59849957212 4595
27872.440167802462 4515
27902.28183603281 4709
27932.123504263152 4622
27961.965172493496 4747
27991.80684072384 4784
28021.648508954182 4884
28051.49017718453 4871
28081.331845414872 4818
28111.173513645215 4907
28141.015181875562 5002
28170.856850105905 4919
28200.69851833625 5190
28230.54018656659 4997
28260.381854796935 5193
28290.223523027278 5201
28320.065191257625 5101
28349.906859487968 5148
28379.74852771831 5283
28409.59019594866 5241
28439.431864179 5302
28469.273532409345 5363
28499.115200639688 5341
28528.95686887003 5242
28558.798537100374 5429
28588.64020533072 5431
28618.481873561064 5396
28648.323541791407 5378
28678.165210021754 5438
28708.006878252098 5333
28737.84854648244 5417
28767.690214712784 5371
28797.531882943127 5339
28827.37355117347 5297
28857.215219403817 5319
28887.05688763416 5371
28916.898555864504 5295
28946.74022409485 5308
28976.581892325194 5437
29006.423560555537 5257
29036.26522878588 5250
29066.106897016223 5326
29095.948565246566 5354
29125.790233476913 5116
29155.631901707256 5238
29185.4735699376 5227
29215.315238167947 5049
29245.15690639829 5089
29274.998574628633 4999
29304.840242858976 5241
29334.68191108932 4920
29364.523579319663 4945
29394.36524755001 4903
29424.206915780353 4915
29454.048584010696 4781
29483.890252241043 4806
29513.731920471386 4780
29543.57358870173 4759
29573.415256932072 4610
29603.256925162415 4644
29633.09859339276 4520
29662.940261623105 4627
29692.78192985345 4658
29722.623598083792 4413
29752.46526631414 4372
29782.306934544482 4367
29812.148602774825 4365
29841.99027100517 4362
29871.83193923551 4250
29901.673607465855 4246
29931.5152756962 4292
29961.356943926545 4250
29991.198612156888 4187
30021.040280387235 4032
30050.881948617578 3995
30080.72361684792 4025
30110.565285078264 4012
30140.406953308608 3866
30170.24862153895 3949
30200.090289769298 3871
30229.93195799964 3730
30259.773626229984 3911
30289.61529446033 3805
30319.456962690674 3672
30349.298630921017 3706
30379.14029915136 3627
30408.981967381704 3763
30438.82363561205 3700
30468.665303842394 3658
30498.506972072737 3672
30528.34864030308 3572
30558.190308533427 3627
30588.03197676377 3612
30617.873644994113 3574
30647.715313224457 3661
30677.5569814548 3628
30707.398649685147 3513
30737.24031791549 3588
30767.081986145833 3587
30796.923654376176 3570
30826.765322606523 3405
30856.606990836866 3552
30886.44865906721 3406
30916.290327297553 3387
30946.131995527896 3617
30975.973663758243 3612
31005.815331988586 3520
31035.65700021893 3612
31065.498668449272 3443
31095.34033667962 3572
31125.182004909962 3565
31155.023673140306 3716
31184.86534137065 3768
31214.707009600992 3570
31244.54867783134 3770
31274.390346061682 3702
31304.232014292025 3767
31334.07368252237 3670
31363.915350752715 3801
31393.75701898306 3767
31423.5986872134 3837
31453.440355443745 4011
31483.282023674088 3776
31513.123691904435 3723
31542.965360134778 3857
31572.80702836512 4007
31602.648696595465 3997
31632.49036482581 4007
31662.332033056155 4018
31692.173701286498 3997
31722.01536951684 3962
31751.857037747184 4012
31781.69870597753 4057
31811.540374207874 4076
31841.382042438217 4010
31871.22371066856 4151
31901.065378898908 4174
31930.90704712925 4207
31960.748715359594 4230
31990.590383589937 4309
32020.43205182028 4226
32050.273720050627 4281
32080.11538828097 4274
32109.957056511314 4268
32139.798724741657 4294
32169.640392972004 4329
32199.482061202347 4303
32229.32372943269 4368
32259.165397663033 4344
32289.007065893376 4424
32318.848734123723 4408
32348.690402354066 4415
32378.53207058441 4437
32408.373738814753 4498
32438.2154070451 4375
32468.057075275443 4475
32497.898743505786 4406
32527.74041173613 4432
32557.582079966473 4437
32587.42374819682 4421
32617.265416427163 4451
32647.107084657506 4467
32676.94875288785 4340
32706.790421118196 4359
32736.63208934854 4385
32766.473757578882 4286
32796.315425809225 4393
32826.15709403957 4321
32855.99876226991 4279
32885.84043050026 4206
32915.6820987306 4243
32945.52376696095 4308
32975.365435191285 4185
33005.207103421635 4153
33035.04877165197 4230
33064.89043988232 4025
33094.732108112665 4148
33124.57377634301 4076
33154.41544457336 3950
33184.257112803694 4046
33214.098781034045 3985
33243.94044926438 3966
33273.78211749473 3796
33303.62378572507 3991
33333.46545395542 3867
33363.30712218576 3813
33393.148790416104 3746
33422.990458646454 3630
33452.83212687679 3647
33482.67379510714 3567
33512.51546333748 3453
33542.35713156783 3388
33572.19879979816 3368
33602.040468028514 3513
33631.88213625886 3344
33661.7238044892 3344
33691.56547271955 3309
33721.40714094989 3190
33751.24880918024 3201
33781.09047741057 3184
33810.93214564092 3072
33840.77381387126 2998
33870.61548210161 2982
33900.457150331946 2818
33930.298818562296 2911
33960.14048679264 2765
33989.98215502298 2751
34019.82382325333 2672
34049.66549148367 2668
34079.50715971402 2669
34109.348827944355 2487
34139.190496174706 2484
34169.03216440504 2450
34198.87383263539 2347
34228.715500865736 2293
34258.55716909608 2311
34288.39883732643 2191
34318.240505556765 2240
34348.082173787116 2170
34377.92384201745 2081
34407.7655102478 2056
34437.60717847814 1960
34467.44884670849 1963
34497.29051493883 1884
34527.132183169175 1809
34556.973851399525 1866
34586.81551962986 1814
34616.65718786021 1692
34646.49885609055 1646
34676.3405243209 1614
34706.182192551234 1570
34736.023860781585 1573
34765.86552901193 1481
34795.70719724227 1333
34825.54886547262 1416
34855.39053370296 1334
34885.23220193331 1344
34915.073870163644 1305
34944.915538393994 1219
34974.75720662433 1234
35004.59887485468 1241
35034.440543085024 1152
35064.28221131537 1097
35094.12387954572 1101
35123.96554777605 1044
35153.807216006404 993
35183.64888423674 981
35213.49055246709 977
35243.332220697426 892
35273.17388892778 910
35303.01555715812 881
35332.85722538846 825
35362.69889361881 797
35392.54056184915 811
35422.3822300795 750
35452.223898309836 756
35482.06556654019 732
35511.90723477052 682
35541.74890300087 703
35571.590571231216 659
35601.43223946156 629
35631.27390769191 614
35661.115575922246 537
35690.957244152596 585
35720.79891238293 548
35750.64058061328 560
35780.48224884362 551
35810.32391707397 488
35840.16558530431 449
35870.007253534655 442
35899.848921765006 458
35929.69058999534 421
35959.53225822569 422
35989.37392645603 395
36019.21559468638 399
36049.057262916715 370
36078.898931147065 348
36108.74059937741 347
36138.58226760775 369
36168.4239358381 311
36198.26560406844 322
36228.10727229879 320
36257.948940529124 314
36287.790608759475 273
36317.63227698981 280
36347.47394522016 290
36377.31561345051 275
36407.15728168085 246
36436.9989499112 254
36466.840618141534 259
36496.682286371884 216
36526.52395460222 230
36556.36562283257 208
36586.20729106291 230
36616.04895929326 205
36645.89062752361 173
36675.73229575394 180
36705.573963984294 192
36735.41563221463 187
36765.25730044498 188
36795.09896867532 155
36824.94063690567 177
36854.782305136 176
36884.62397336635 178
36914.465641596704 145
36944.30730982704 159
36974.14897805739 175
37003.990646287726 136
37033.83231451808 155
37063.67398274841 132
37093.51565097876 138
37123.3573192091 131
37153.19898743945 117
37183.0406556698 130
37212.882323900136 122
37242.723992130486 116
37272.56566036082 115
37302.40732859117 115
37332.24899682151 127
37362.09066505186 100
37391.932333282195 104
37421.774001512546 127
37451.615669742896 113
37481.45733797323 86
37511.29900620358 109
37541.14067443392 88
37570.98234266427 97
37600.824010894605 94
37630.665679124955 98
37660.50734735529 100
37690.34901558564 73
37720.19068381599 96
37750.03235204633 81
37779.87402027668 88
37809.715688507014 67
37839.557356737365 80
37869.3990249677 78
37899.24069319805 86
37929.08236142839 88
37958.92402965874 62
37988.76569788909 69
38018.607366119424 70
38048.449034349775 62
38078.29070258011 67
38108.13237081046 59
38137.9740390408 55
38167.81570727115 71
38197.65737550148 62
38227.499043731834 63
38257.340711962184 65
38287.18238019252 59
38317.02404842287 55
38346.86571665321 55
38376.70738488356 61
38406.54905311389 52
38436.39072134424 62
38466.23238957458 49
38496.07405780493 70
38525.91572603528 69
38555.757394265616 72
38585.59906249597 56
38615.4407307263 54
38645.28239895665 63
38675.12406718699 59
38704.96573541734 52
38734.807403647676 58
38764.649071878026 67
38794.49074010838 56
38824.33240833871 57
38854.17407656906 42
38884.0157447994 50
38913.85741302975 45
38943.699081260085 55
38973.540749490436 48
39003.38241772077 59
39033.22408595112 41
39063.06575418147 39
39092.90742241181 46
39122.74909064216 36
39152.590758872495 46
39182.432427102845 46
39212.27409533318 59
39242.11576356353 54
39271.95743179387 49
39301.79910002422 44
39331.64076825457 45
39361.482436484905 38
39391.324104715255 46
39421.16577294559 42
39451.00744117594 39
39480.84910940628 42
39510.69077763663 50
39540.532445866964 42
39570.374114097314 37
39600.215782327665 33
39630.057450558 36
39659.89911878835 35
39689.74078701869 45
39719.58245524904 26
39749.42412347937 43
39779.265791709724 38
39809.10745994006 49
39838.94912817041 29
39868.79079640076 48
39898.6324646311 41
39928.47413286145 34
39958.31580109178 41
39988.157469322134 35
40017.99913755247 37
40047.84080578282 28
40077.682474013156 41
40107.52414224351 39
40137.36581047386 49
40167.20747870419 39
40197.04914693454 37
40226.89081516488 31
40256.73248339523 43
40286.574151625566 31
40316.415819855916 47
40346.25748808625 31
40376.0991563166 40
40405.94082454695 33
40435.78249277729 32
40465.62416100764 38
40495.465829237975 37
40525.307497468326 34
40555.14916569866 23
40584.99083392901 31
40614.83250215935 25
40644.6741703897 34
40674.51583862005 36
40704.357506850385 30
40734.199175080736 23
40764.04084331107 25
40793.88251154142 31
40823.72417977176 38
40853.56584800211 29
40883.407516232444 46
40913.249184462795 32
40943.090852693145 32
40972.93252092348 34
41002.77418915383 40
41032.61585738417 43
41062.45752561452 28
41092.299193844854 26
41122.140862075204 35
41151.98253030555 46
41181.82419853589 30
41211.66586676624 40
41241.50753499658 37
41271.34920322693 37
41301.190871457264 28
41331.032539687614 28
41360.87420791795 27
41390.7158761483 26
41420.557544378644 25
41450.39921260899 26
41480.24088083934 30
41510.08254906967 22
41539.924217300024 29
41569.76588553036 34
41599.60755376071 35
41629.449221991046 29
41659.2908902214 29
41689.13255845174 43
41718.97422668208 17
41748.81589491243 29
41778.65756314277 29
41808.49923137312 32
41838.340899603456 28
41868.18256783381 30
41898.02423606414 25
41927.86590429449 30
41957.707572524836 28
41987.54924075518 30
42017.39090898553 31
42047.232577215866 21
42077.074245446216 31
42106.91591367655 33
42136.7575819069 25
42166.59925013724 33
42196.44091836759 31
42226.28258659793 35
42256.124254828275 32
42285.965923058626 23
42315.80759128896 26
42345.64925951931 28
42375.49092774965 36
42405.33259598 29
42435.174264210335 28
42465.015932440685 26
42494.85760067103 28
42524.69926890137 19
42554.54093713172 34
42584.38260536206 28
42614.22427359241 27
42644.065941822744 20
42673.907610053095 28
42703.74927828343 30
42733.59094651378 26
42763.432614744124 36
42793.27428297447 23
42823.11595120482 23
42852.957619435154 24
42882.799287665504 31
42912.64095589584 24
42942.48262412619 14
42972.32429235653 38
43002.16596058688 26
43032.00762881722 34
43061.84929704756 22
43091.690965277914 37
43121.53263350825 26
43151.3743017386 32
43181.21596996894 19
43211.05763819929 21
43240.89930642962 21
43270.74097465997 37
43300.58264289032 19
43330.42431112066 23
43360.26597935101 25
43390.107647581346 24
43419.9493158117 23
43449.79098404203 21
43479.63265227238 26
43509.47432050272 18
43539.31598873307 21
43569.15765696341 37
43598.999325193756 26
43628.840993424106 24
43658.68266165444 22
43688.52432988479 36
43718.36599811513 28
43748.20766634548 30
43778.049334575815 17
43807.891002806165 25
43837.73267103651 26
43867.57433926685 39
43897.4160074972 21
43927.25767572754 25
43957.09934395789 15
43986.941012188225 17
44016.782680418575 27
44046.62434864891 18
44076.46601687926 25
44106.307685109605 26
44136.14935333995 22
44165.9910215703 23
44195.832689800634 28
44225.674358030985 24
44255.51602626132 19
44285.35769449167 21
44315.19936272201 18
44345.04103095236 32
44374.8826991827 16
44404.724367413044 27
44434.566035643395 17
44464.40770387373 23
44494.24937210408 29
44524.09104033442 24
44553.93270856477 36
44583.7743767951 17
44613.616045025454 21
44643.4577132558 15
44673.29938148614 24
44703.14104971649 18
44732.98271794683 21
44762.82438617718 22
44792.66605440751 21
44822.50772263786 19
44852.3493908682 27
44882.19105909855 19
44912.03272732889 18
44941.874395559236 22
44971.71606378959 15
45001.55773201992 30
45031.39940025027 19
45061.24106848061 17
45091.08273671096 19
45120.924404941296 23
45150.766073171646 19
45180.60774140199 21
45210.44940963233 30
45240.29107786268 21
45270.13274609302 24
45299.97441432337 24
45329.816082553705 24
45359.657750784056 20
45389.49941901439 20
45419.34108724474 16
45449.182755475085 22
45479.02442370543 25
45508.86609193578 19
45538.707760166115 22
45568.549428396465 22
45598.3910966268 27
45628.23276485715 24
45658.07443308749 26
45687.91610131784 20
45717.75776954819 20
45747.599437778525 19
45777.441106008875 19
45807.28277423921 17
45837.12444246956 25
45866.9661106999 23
45896.80777893025 17
45926.649447160584 19
45956.491115390934 20
45986.332783621285 20
46016.17445185162 16
46046.01612008197 18
46075.85778831231 20
46105.69945654266 21
46135.54112477299 20
46165.382793003344 19
46195.22446123368 22
46225.06612946403 14
46254.90779769438 25
46284.74946592472 22
46314.59113415507 19
46344.4328023854 28
46374.274470615754 29
46404.11613884609 16
46433.95780707644 18
46463.799475306776 16
46493.64114353713 19
46523.48281176748 13
46553.32447999781 12
46583.16614822816 21
46613.0078164585 21
46642.84948468885 19
46672.691152919186 18
46702.532821149536 17
46732.37448937987 22
46762.21615761022 20
46792.05782584057 22
46821.89949407091 22
46851.74116230126 24
46881.582830531595 18
46911.424498761946 23
46941.26616699228 15
46971.10783522263 11
47000.94950345297 15
47030.79117168332 21
47060.63283991367 12
47090.474508144005 17
47120.316176374356 16
47150.15784460469 20
47179.99951283504 19
47209.84118106538 21
47239.68284929573 22
47269.524517526064 18
47299.366185756415 17
47329.207853986765 15
47359.0495222171 19
47388.89119044745 11
47418.73285867779 14
47448.57452690814 18
47478.416195138474 18
47508.257863368824 11
47538.09953159916 24
47567.94119982951 10
47597.78286805986 24
47627.6245362902 30
47657.46620452055 22
47687.307872750884 20
47717.149540981234 13
47746.99120921157 22
47776.83287744192 21
47806.67454567226 20
47836.51621390261 15
47866.35788213296 14
47896.19955036329 18
47926.041218593644 16
47955.88288682398 15
47985.72455505433 17
48015.566223284666 21
48045.40789151502 24
48075.24955974535 16
48105.0912279757 27
48134.93289620605 13
48164.77456443639 18
48194.61623266674 16
48224.457900897076 17
48254.29956912743 20
48284.14123735776 16
48313.98290558811 14
48343.82457381845 17
48373.6662420488 15
48403.50791027915 19
48433.349578509486 15
48463.191246739836 17
48493.03291497017 19
48522.87458320052 14
48552.71625143086 15
48582.55791966121 29
48612.399587891545 21
48642.241256121895 22
48672.082924352246 24
48701.92459258258 17
48731.76626081293 17
48761.60792904327 21
48791.44959727362 24
48821.291265503954 17
48851.132933734305 15
48880.97460196464 18
48910.81627019499 10
48940.65793842534 12
48970.49960665568 13
49000.34127488603 21
49030.182943116364 17
49060.024611346715 16
49089.86627957705 18
49119.7079478074 16
49149.54961603774 22
49179.39128426809 16
49209.23295249844 13
49239.074620728774 14
49268.916288959124 15
49298.75795718946 16
49328.59962541981 17
49358.44129365015 16
49388.2829618805 20
49418.12463011083 16
49447.96629834118 15
49477.807966571534 17
49507.64963480187 13
49537.49130303222 14
49567.33297126256 21
49597.17463949291 22
49627.01630772324 21
49656.85797595359 14
49686.69964418393 20
49716.54131241428 9
49746.38298064463 23
49776.224648874966 16
49806.06631710532 23
49835.90798533565 15
49865.749653566 19
49895.59132179634 21
49925.43299002669 20
49955.274658257025 19
49985.116326487376 21
50014.957994717726 21
50044.79966294806 12
50074.64133117841 12
50104.48299940875 12
50134.3246676391 21
50164.166335869435 11
50194.008004099785 10
50223.84967233012 15
50253.69134056047 18
50283.53300879082 10
50313.37467702116 23
50343.21634525151 24
50373.058013481845 23
50402.899681712195 14
50432.74134994253 21
50462.58301817288 27
50492.424686403225 16
50522.26635463357 11
50552.10802286392 24
50581.949691094254 12
50611.791359324605 16
50641.63302755494 16
50671.47469578529 15
50701.31636401563 14
50731.15803224598 22
50760.99970047632 10
50790.841368706664 24
50820.683036937015 18
50850.52470516735 20
50880.3663733977 21
50910.20804162804 11
50940.04970985839 16
50969.89137808872 11
50999.733046319074 17
51029.57471454942 20
51059.41638277976 19
51089.25805101011 13
51119.09971924045 17
51148.9413874708 13
51178.78305570113 13
51208.62472393148 23
51238.46639216182 14
51268.30806039217 13
51298.14972862251 19
51327.991396852856 19
51357.83306508321 18
51387.67473331354 19
51417.51640154389 10
51447.35806977423 12
51477.19973800458 17
51507.041406234915 12
51536.883074465266 22
51566.72474269561 20
51596.56641092595 15
51626.4080791563 16
51656.24974738664 19
51686.09141561699 25
51715.933083847325 14
51745.774752077676 12
51775.61642030801 17
51805.45808853836 15
51835.299756768705 20
51865.14142499905 17
51894.9830932294 22
51924.824761459735 21
51954.666429690085 12
51984.50809792042 17
52014.34976615077 22
52044.19143438111 18
52074.03310261146 23
52103.8747708418 11
52133.716439072145 15
52163.558107302495 25
52193.39977553283 8
52223.24144376318 13
52253.08311199352 19
52282.92478022387 19
52312.766448454204 19
52342.608116684554 21
52372.4497849149 21
52402.29145314524 15
52432.13312137559 14
52461.97478960593 10
52491.81645783628 18
52521.65812606661 13
52551.499794296964 13
52581.3414625273 13
52611.18313075765 10
52641.02479898799 15
52670.86646721834 15
52700.70813544869 22
52730.54980367902 16
52760.391471909374 18
52790.23314013971 13
52820.07480837006 12
52849.916476600396 12
52879.75814483075 18
52909.59981306109 11
52939.44148129143 13
52969.28314952178 15
52999.12481775212 15
53028.96648598247 11
53058.808154212806 19
53088.649822443156 22
53118.49149067349 14
53148.33315890384 13
53178.174827134186 18
53208.01649536453 8
53237.85816359488 13
53267.699831825215 14
53297.541500055566 15
53327.3831682859 18
53357.22483651625 15
53387.06650474659 12
53416.90817297694 19
53446.74984120728 22
53476.591509437625 17
53506.433177667976 18
53536.27484589831 16
53566.11651412866 15
53595.958182359 17
53625.79985058935 17
53655.641518819684 20
53685.483187050035 10
53715.32485528038 17
53745.16652351072 14
53775.00819174107 15
53804.84985997141 17
53834.69152820176 16
53864.533196432094 18
53894.374864662444 21
53924.21653289278 19
53954.05820112313 21
53983.899869353474 17
54013.74153758382 9
54043.58320581417 20
54073.424874044504 21
54103.266542274854 19
54133.10821050519 15
54162.94987873554 11
54192.79154696588 12
54222.63321519623 18
54252.47488342657 17
54282.31655165691 20
54312.158219887264 15
54341.9998881176 17
54371.84155634795 20
54401.683224578286 15
54431.52489280864 14
54461.36656103897 15
54491.20822926932 11
54521.049897499666 21
54550.89156573001 14
54580.73323396036 13
54610.574902190696 14
54640.416570421046 24
54670.25823865138 11
54700.09990688173 15
54729.94157511207 14
54759.78324334242 23
54789.62491157276 18
54819.466579803106 14
54849.308248033456 20
54879.14991626379 15
54908.99158449414 18
54938.83325272448 22
54968.67492095483 18
54998.516589185165 7
55028.358257415515 14
55058.19992564586 12
55088.0415938762 17
55117.88326210655 14
55147.72493033689 11
55177.56659856724 17
55207.408266797574 16
55237.249935027925 18
55267.09160325826 12
55296.93327148861 17
55326.77493971896 14
55356.6166079493 10
55386.45827617965 15
55416.299944409984 7
55446.141612640335 17
55475.98328087067 15
55505.82494910102 16
55535.66661733136 13
55565.50828556171 20
55595.34995379206 15
55625.191622022394 12
55655.033290252744 18
55684.87495848308 11
55714.71662671343 11
55744.55829494377 17
55774.39996317412 11
55804.24163140445 19
55834.0832996348 12
55863.924967865154 16
55893.76663609549 17
55923.60830432584 22
55953.44997255618 13
55983.29164078653 20
56013.13330901686 17
56042.97497724721 23
56072.81664547755 13
56102.6583137079 13
56132.49998193825 18
56162.341650168586 18
56192.18331839894 16
56222.02498662927 17
56251.86665485962 18
56281.70832308996 8
56311.54999132031 13
56341.391659550645 20
56371.233327780996 13
56401.074996011346 18
56430.91666424168 20
56460.75833247203 16
56490.60000070237 20
56520.44166893272 15
56550.283337163055 10
56580.125005393405 19
56609.96667362374 16
56639.80834185409 12
56669.65001008444 19
56699.49167831478 16
56729.33334654513 7
56759.175014775465 8
56789.016683005815 11
56818.85835123615 14
56848.7000194665 18
56878.54168769684 17
56908.38335592719 13
56938.22502415754 11
56968.066692387874 11
56997.908360618225 18
57027.75002884856 15
57057.59169707891 18
57087.43336530925 16
57117.2750335396 13
57147.11670176993 7
57176.958370000284 12
57206.800038230635 19
57236.64170646097 17
57266.48337469132 9
57296.32504292166 12
57326.16671115201 16
57356.00837938234 12
57385.850047612694 11
57415.69171584303 20
57445.53338407338 16
57475.37505230373 25
57505.21672053407 25
57535.05838876442 19
57564.90005699475 12
57594.7417252251 19
57624.58339345544 17
57654.42506168579 25
57684.266729916126 18
57714.108398146476 27
57743.95006637683 19
57773.79173460716 25
57803.63340283751 28
57833.47507106785 33
57863.3167392982 30
57893.158407528535 20
57923.000075758886 30
57952.84174398922 26
57982.68341221957 27
58012.52508044992 26
58042.36674868026 31
58072.20841691061 27
58102.050085140945 31
58131.891753371296 35
58161.73342160163 44
58191.57508983198 41
58221.41675806232 42
58251.25842629267 50
58281.10009452302 57
58310.941762753355 55
58340.783430983705 68
58370.62509921404 66
58400.46676744439 60
58430.30843567473 67
58460.15010390508 58
58489.991772135414 71
58519.833440365765 67
58549.675108596115 59
58579.51677682645 90
58609.3584450568 88
58639.20011328714 73
58669.04178151749 96
58698.883449747824 98
58728.725117978174 108
58758.56678620851 118
58788.40845443886 106
58818.25012266921 125
58848.09179089955 130
58877.9334591299 129
58907.77512736023 130
58937.616795590584 130
58967.45846382092 116
58997.30013205127 121
59027.141800281606 150
59056.98346851196 100
59086.82513674231 107
59116.66680497264 95
59146.50847320299 93
59176.35014143333 90
59206.19180966368 50
59236.033477894016 57
59265.87514612437 37
59295.7168143547 36
59325.55848258505 31
59355.4001508154 21
59385.24181904574 14
59415.08348727609 14
59444.925155506426 6
59474.766823736776 8
59504.60849196711 12
59534.45016019746 9
59564.2918284278 2
59594.13349665815 5
59623.9751648885 6
59653.816833118835 1
59683.658501349186 5
59713.50016957952 5
59743.34183780987 5
59773.18350604021 1
59803.02517427056 4
59832.8668425009 5
59862.708510731245 4
59892.550178961596 5
59922.39184719193 2
59952.23351542228 3
59982.07518365262 2
60011.91685188297 4
60041.758520113304 2
60071.600188343655 4
60101.441856574 6
60131.28352480434 4
60161.12519303469 2
60190.96686126503 4
60220.80852949538 4
60250.650197725714 7
60280.491865956064 1
60310.3335341864 4
60340.17520241675 3
60370.016870647094 3
60399.85853887744 8
60429.70020710779 8
60459.541875338124 3
60489.383543568474 4
60519.22521179881 8
60549.06688002916 4
60578.9085482595 9
60608.75021648985 9
60638.59188472019 10
60668.43355295053 7
60698.275221180884 2
60728.11688941122 7
60757.95855764157 14
60787.800225871906 8
60817.64189410226 13
60847.48356233259 8
60877.32523056294 5
60907.166898793286 11
60937.00856702363 13
60966.85023525398 14
60996.691903484316 15
61026.533571714666 12
61056.375239945 16
61086.21690817535 14
61116.05857640569 21
61145.90024463604 33
61175.74191286638 49
61205.583581096726 147
61235.425249327076 197
61265.26691755741 124
61295.10858578776 39
61324.9502540181 5
61354.79192224845 2
61384.633590478785 4
61414.475258709135 3
61444.31692693948 2
61474.15859516982 2
61504.00026340017 1
61533.84193163051 2
61563.68359986086 3
61593.525268091194 1
61623.366936321545 3
61653.20860455188 1
61683.05027278223 0
61712.891941012575 2
61742.73360924292 0
61772.57527747327 1
61802.416945703604 0
61832.258613933955 1
61862.10028216429 1
61891.94195039464 2
61921.78361862498 1
61951.62528685533 2
61981.46695508567 0
62011.308623316014 0
62041.150291546364 0
62070.9919597767 0
62100.83362800705 1
